0.0523599 0.160645 -0.0813879 0.0962577 0.00412583 -0.00443149 0.0221967 0.0699351 -0.0140408 0.0337744 -1.42351e-18 -0.0396383 -0.00528886 -0.00725026 -0.000878226 0.0619701 -1.95333e-17
0.15708 0.179088 -0.107114 0.0870861 0.0042667 -0.00515007 0.0258325 0.0520556 -0.0263307 0.0123952 7.73714e-19 -0.0108686 -0.00230178 -0.00245935 -0.000560266 0.0190813 -5.31925e-18
0.261799 0.180516 -0.101336 0.0819866 0.00260989 -0.00409809 0.0178615 0.0434884 -0.0166499 0.00604047 2.03781e-19 -0.00478271 -0.00110045 -0.00120589 -0.000134246 0.00762811 -2.0337e-18
0.366519 0.185491 -0.104097 0.0767415 0.000530662 -0.00551439 0.0155485 0.0376612 -0.0165612 0.00339522 -6.7128e-20 -0.00207875 -0.000641466 -0.000173029 -1.93257e-05 0.000943291 -6.05139e-19
0.471239 0.188923 -0.107566 0.0722982 -0.00131341 -0.00591797 0.00832576 0.0314797 -0.00675707 0.00158807 6.29537e-20 -0.000973426 -0.000288389 -0.000157361 -1.09016e-05 0.000895132 -2.49615e-19
0.575959 0.179602 -0.104916 0.0701647 -0.00559886 -0.00232116 0.00720186 0.0250861 -0.00769374 -0.000528662 6.9596e-21 0.000329814 7.82181e-05 7.96794e-05 8.42404e-07 -0.000479616 1.42986e-19
0.680678 0.181325 -0.109683 0.067613 -0.0064829 -0.00590071 0.00537836 0.0287437 -0.00265326 0.00211959 2.13456e-19 -0.00143835 -0.000307148 -0.00060286 1.97384e-05 0.00350744 -3.94984e-19
0.785398 0.174669 -0.111742 0.0659019 -0.0095103 -0.00608618 0.00567573 0.0291898 -0.00444343 0.000272539 3.81011e-20 -0.000370882 -4.95646e-05 -0.000420792 -1.03871e-05 0.0023418 -2.99876e-19
0.890118 0.173303 -0.108818 0.0621135 -0.0125943 -0.0057608 0.00591801 0.0261881 -0.00752975 -0.00110603 -2.01384e-20 0.000699377 0.000118563 0.000276345 -2.64618e-06 -0.00163022 2.52745e-19
0.994838 0.168787 -0.115011 0.0602565 -0.013775 -0.00556062 0.00553024 0.0249028 -0.00637533 0.000811899 -1.92772e-20 -0.000647355 -9.37394e-05 -0.000501188 -4.83605e-06 0.00271734 -3.37671e-19
1.09956 0.166904 -0.1186 0.0575127 -0.0152751 -0.0029656 0.00444705 0.01859 -0.00584821 0.000819471 -5.76934e-20 -0.00037652 -8.36155e-05 9.05198e-05 1.52874e-05 -0.000414595 2.81909e-20
1.20428 0.165113 -0.115619 0.0545596 -0.0174353 -0.00391144 0.00287574 0.0188251 -0.00355867 -0.00163682 1.26641e-20 0.000861569 0.000138138 0.000144259 -2.14813e-05 -0.000898726 1.57525e-19
1.309 0.160311 -0.122428 0.0527671 -0.0173286 -0.00382328 0.00190795 0.0176045 -4.70459e-05 -9.86679e-05 -1.53652e-20 0.000111478 1.52139e-05 0.00017578 -1.12466e-06 -0.000841795 6.97229e-20
1.41372 0.15926 -0.119285 0.0493922 -0.0202088 -0.00350059 0.00266685 0.0159461 -0.0045594 0.000627908 3.28025e-20 -0.000350591 -4.77764e-05 -0.00014698 2.34218e-06 0.000765039 -8.14421e-20
1.51844 0.155648 -0.122736 0.0476235 -0.0199929 -0.00280785 0.000832208 0.0140235 0.000802622 0.000305501 -4.04037e-21 -0.000111884 -1.5057e-05 0.000103482 7.19248e-06 -0.00041708 4.31749e-20
1.62316 0.154645 -0.120274 0.0446562 -0.0225801 -0.00333262 0.00143218 0.0145596 -0.00295492 0.000972894 -9.64331e-20 -0.000542918 -6.17501e-05 -0.000266117 2.14686e-06 0.00126866 -2.69104e-19
1.72788 0.147818 -0.126108 0.0433857 -0.0216313 -0.00374093 0.00050783 0.0148006 0.00114223 -0.000113254 -4.36367e-21 2.80152e-05 2.82525e-06 -9.32329e-05 -2.29675e-06 0.000389552 -1.57948e-20
1.8326 0.148836 -0.12413 0.0396856 -0.0227415 -0.00269848 0.000924003 0.0108326 -0.000458395 0.00210002 -5.81588e-20 -0.00108787 -9.20038e-05 -0.000498319 3.0079e-05 0.00232855 -2.5063e-19
1.93732 0.136097 -0.124891 0.0403716 -0.0239103 -0.00429807 0.00125794 0.016394 -0.00153571 -0.000571146 -3.23653e-21 0.000334896 3.33047e-05 0.000234145 -1.08158e-05 -0.00108089 1.0182e-19
2.04204 0.134758 -0.125759 0.0383764 -0.0243407 -0.00590269 0.00130796 0.0198292 -0.00124047 -0.000276341 3.87819e-23 8.85757e-05 6.07748e-06 -0.000129999 -5.08443e-06 0.00047797 -5.9287e-20
2.14675 0.135874 -0.127091 0.03471 -0.0239735 -0.00357449 -0.000480349 0.0121784 0.00225792 -0.00093925 -5.43793e-20 0.000516537 4.58082e-05 0.000446231 -1.68412e-05 -0.00190213 8.16254e-20
2.25147 0.133625 -0.125408 0.032446 -0.0246762 -0.00184898 0.000430939 0.0082257 -0.000339937 0.000144851 -2.10128e-21 -6.46374e-05 -3.44737e-06 9.89399e-06 2.09148e-06 -2.67287e-05 7.9287e-21
2.35619 0.131481 -0.126636 0.0306317 -0.0248883 -0.00344442 0.000462058 0.0117255 -0.000382386 -0.00013901 4.16025e-21 7.31083e-05 3.68227e-06 4.77341e-05 -1.93016e-06 -0.000194733 1.2375e-20
2.46091 0.128746 -0.126839 0.0285859 -0.0245937 -0.00111809 -0.000439847 0.00579157 0.00145682 0.000480212 2.29924e-20 -0.000265353 -7.04976e-06 -0.000332033 6.34636e-06 0.0012975 -5.23204e-20
2.56563 0.126314 -0.125313 0.0267533 -0.0252872 -0.000674688 0.000135919 0.00471385 -0.000576517 0.000725659 4.06153e-20 -0.000355383 -6.14792e-06 -0.000161443 5.7649e-06 0.000644584 1.11692e-20
2.67035 0.124856 -0.127252 0.0249701 -0.0246584 -0.0020816 -0.00135271 0.00744349 0.00340926 0.000138593 -1.73555e-21 -0.000103649 -5.5786e-06 -0.000337238 2.93662e-06 0.00122186 -1.36259e-19
2.77507 0.119737 -0.124828 0.0239219 -0.0254759 -0.00219602 -0.00160119 0.0071897 0.0030139 0.000394882 2.77961e-20 -0.000185265 -1.68219e-06 2.92339e-05 3.68479e-06 -0.0001166 1.25953e-20
2.87979 0.117447 -0.123088 0.0224374 -0.025922 -0.00270448 0.000515711 0.00880479 -0.00166869 -0.00054516 3.37755e-20 0.000274643 1.15747e-06 0.000170398 -3.31104e-06 -0.000645145 6.7396e-20
2.98451 0.112433 -0.125747 0.0215939 -0.0246539 -0.00333175 0.00108677 0.010234 -0.00204609 -0.00124002 3.02358e-20 0.000612106 5.43172e-06 0.000359386 -1.58649e-05 -0.00137484 5.95409e-20
3.08923 0.113262 -0.126153 0.0192311 -0.0241277 -0.00188892 0.000604193 0.00656548 -0.000944468 0.000595049 -1.12538e-20 -0.000290586 4.68045e-06 -0.000195746 6.76098e-06 0.000708727 -4.31255e-20
3.19395 0.106636 -0.122068 0.0192418 -0.0252136 -0.00234501 0.00169582 0.0079318 -0.00436722 0.000275351 2.40292e-20 -0.000163632 5.55564e-06 -0.000261289 1.24967e-06 0.000927615 -1.97717e-20
3.29867 0.109733 -0.124621 0.0161965 -0.0241406 -0.00125216 0.00118671 0.00478523 -0.00299776 0.000279863 -5.38716e-21 -0.000120783 1.79766e-07 7.52328e-05 3.35793e-06 -0.000236466 3.77454e-20
3.40339 0.105623 -0.120448 0.0157305 -0.0249901 -0.000986472 0.000255123 0.00381947 -0.00148347 0.00145902 -9.36408e-21 -0.00069283 2.21273e-05 -0.000271977 2.42113e-06 0.000962533 -2.81486e-20
3.50811 0.100937 -0.122561 0.015311 -0.0238559 -0.00229628 -0.00102055 0.00659192 0.00157509 -0.0012066 1.07179e-20 0.000575465 -6.19801e-06 0.000174932 -6.57694e-06 -0.000585882 -4.33794e-20
3.61283 0.101114 -0.123231 0.0135617 -0.0229273 -0.00151104 -0.00150373 0.00474736 0.00331076 0.000730765 1.49628e-20 -0.00034749 5.51672e-06 -0.00038786 3.31391e-06 0.00129457 -2.7782e-20
3.71755 0.0962773 -0.122036 0.0134935 -0.0228478 -0.00194034 -0.000493138 0.00609069 0.000703154 0.000417629 1.70076e-20 -0.000192721 4.98433e-06 -3.83157e-05 3.61819e-06 0.000138699 3.0874e-20
3.82227 0.0965402 -0.122815 0.011591 -0.0220526 -0.00128306 -0.000185478 0.00422733 0.000175837 -0.000690781 1.3623e-20 0.000332423 -1.26163e-05 0.000308573 -2.31864e-06 -0.000994052 1.3341e-20
3.92699 0.0933877 -0.120078 0.0111663 -0.0225243 -0.00167848 3.85607e-05 0.00512588 -0.000801867 0.000105046 1.29038e-21 -4.98622e-05 1.87177e-06 -2.30248e-05 4.59111e-07 7.48404e-05 4.06505e-21
4.03171 0.0923587 -0.118501 0.00990702 -0.0222836 -0.00100565 0.000574031 0.00323734 -0.0016605 0.000352234 -9.66023e-21 -0.000166589 9.08325e-06 -8.84732e-05 7.77764e-07 0.000284843 -3.08845e-21
4.13643 0.087324 -0.118384 0.0103145 -0.021731 -0.00145993 0.000377792 0.00479684 -0.00152799 -0.00116108 -2.46512e-20 0.000557637 -2.70956e-05 0.000363534 -9.50337e-06 -0.00115863 -5.74537e-20
4.24115 0.0860721 -0.116231 0.00933922 -0.0218078 -0.00134798 0.000342235 0.00417166 -0.00139722 0.000297438 -5.23909e-21 -0.000145277 8.27508e-06 -0.000145271 1.20129e-06 0.000459025 -1.07038e-20
4.34587 0.0854627 -0.115419 0.00820978 -0.0216175 -0.00190689 0.000249503 0.00526575 -0.00123439 -0.000757766 -3.46922e-21 0.000366569 -1.97373e-05 0.00030246 -2.10158e-06 -0.000940782 2.20846e-20
4.45059 0.083734 -0.11366 0.00763444 -0.0216035 -0.00197251 0.000525588 0.00550366 -0.00189122 -1.44566e-05 -6.58446e-22 3.89172e-06 5.46996e-08 -2.88631e-05 1.24994e-07 8.52042e-05 -2.2141e-21
4.55531 0.0826822 -0.116303 0.00652866 -0.0199443 -0.00146569 0.000156924 0.00423673 -0.00067116 0.000667817 -4.98524e-20 -0.000315341 1.98297e-05 -0.000205576 3.65827e-06 0.000620774 -2.33538e-20
4.66003 0.0802577 -0.115294 0.00626488 -0.0197451 -0.00191794 6.00349e-05 0.00537203 -0.000705541 7.62637e-05 2.54727e-21 -3.09223e-05 1.18579e-06 4.40498e-05 -2.31697e-08 -0.000122244 3.73012e-21
4.76475 0.0793145 -0.113951 0.00545943 -0.0195181 -0.0014527 -0.000530583 0.00412017 0.000752502 0.000278204 -2.17179e-21 -0.000130739 8.69422e-06 -8.37849e-05 1.53658e-06 0.000247826 5.0205e-21
4.86947 0.0757974 -0.112276 0.00566894 -0.0194927 -0.00164138 -0.000308426 0.00461586 -0.000117354 0.000477321 -5.16152e-21 -0.000224806 1.37941e-05 -0.000125313 2.73345e-06 0.000372316 -1.41025e-22
4.97419 0.0757632 -0.1112 0.00457819 -0.0192713 -0.00153725 -0.000529257 0.00412873 0.000510639 -0.000296106 1.76352e-20 0.000131168 -8.63541e-06 -5.32311e-05 -3.41694e-07 0.000142939 -3.10009e-20
5.07891 0.0753132 -0.11099 0.00354366 -0.0187684 -0.00181251 0.00035679 0.00451824 -0.00141449 -0.000284808 -2.25852e-20 0.000135262 -9.18439e-06 7.85889e-05 -1.40353e-07 -0.000225843 -2.24935e-20
5.18363 0.0734245 -0.109565 0.00326873 -0.0185603 -0.00136769 0.000664279 0.00348714 -0.00206969 -0.000221787 5.38011e-21 0.000106612 -8.07635e-06 9.71893e-05 3.91996e-07 -0.000278254 1.70288e-20
5.28835 0.0711525 -0.111597 0.00315242 -0.0169637 -0.00109728 -0.000320628 0.00323774 0.000490475 -0.000154624 -9.74837e-21 7.22988e-05 -5.57278e-06 8.69838e-05 -8.93789e-07 -0.000246047 -1.10493e-20
5.39307 0.0691186 -0.110079 0.00289357 -0.0169334 -0.000837222 0.000229022 0.00238451 -0.001025 0.00031694 -5.27434e-21 -0.000145397 9.49585e-06 1.73472e-05 1.67184e-06 -4.6765e-05 2.58371e-20
5.49779 0.0678896 -0.107454 0.00258385 -0.0173413 -0.0014843 0.000467357 0.00380471 -0.00168166 0.000418771 3.54537e-20 -0.000203042 1.57353e-05 -0.00020015 1.45663e-06 0.000557132 3.43538e-20
5.60251 0.0667524 -0.10771 0.00211397 -0.0165737 -0.000689401 -4.20007e-05 0.00202186 -0.000475903 -0.000501013 4.01922e-21 0.000234023 -1.78488e-05 0.000116812 -1.06765e-06 -0.000323683 -2.06602e-20
5.70723 0.067297 -0.108216 0.000944183 -0.0157705 -0.00096646 -0.000473787 0.00250451 0.000778823 0.000633711 4.8696e-20 -0.000303358 2.70196e-05 -0.000131257 5.22259e-06 0.000334895 6.08736e-20
5.81195 0.0625958 -0.10538 0.00209011 -0.0161578 -0.00138686 -0.000633459 0.00347609 0.000701471 -1.94151e-05 6.40784e-22 8.29065e-06 -5.73139e-07 -1.15536e-05 3.95171e-08 3.08057e-05 -3.54502e-21
5.91667 0.0643741 -0.106294 0.000505731 -0.0151784 -0.000716977 -0.000290386 0.00191639 0.000417869 0.000230888 2.28461e-21 -0.000105908 7.48741e-06 -0.000114537 -1.72386e-06 0.000313035 8.36985e-21
6.02139 0.0630104 -0.10396 0.000316914 -0.0155826 -0.00146437 0.000365668 0.00341423 -0.00134051 -0.000160475 2.9298e-21 7.64413e-05 -5.84972e-06 5.38272e-05 2.06168e-07 -0.000143905 -4.33653e-22
6.12611 0.0591565 -0.103704 0.00116554 -0.0149583 -0.00198164 0.000622869 0.00488654 -0.00207787 -0.000275223 -2.7923e-20 0.000124857 -7.58331e-06 1.20799e-06 -3.06039e-07 -1.27568e-05 -2.36949e-20
6.23083 0.0595644 -0.102967 0.000262432 -0.0146233 -0.000850141 0.000650663 0.00218266 -0.00194037 -0.00032234 -1.01186e-20 0.00016069 -1.62006e-05 0.000251685 -1.31218e-06 -0.000658552 4.04742e-21
6.33555 0.0589619 -0.10093 -0.000145219 -0.0148665 -0.000998251 0.000862208 0.00233158 -0.00245201 0.00024608 -1.0866e-20 -0.000117496 1.00199e-05 -8.541e-05 -2.09556e-07 0.000226312 -3.70896e-21
6.44026 0.0581618 -0.100956 -0.000490509 -0.0142388 -0.000696244 0.000171823 0.00172576 -0.000793994 -0.000643089 -3.61025e-20 0.000305163 -2.67979e-05 0.000255044 2.02192e-07 -0.000666007 -5.56204e-20
6.54498 0.0559491 -0.100467 -0.000243507 -0.0137901 -0.000883197 0.000486039 0.00220509 -0.00158135 -0.000112117 2.84166e-21 5.38198e-05 -4.71369e-06 4.76732e-05 -4.06471e-07 -0.000123604 -1.99551e-21
6.6497 0.0557476 -0.100423 -0.000844477 -0.0132644 -0.000943654 -0.000455659 0.00224992 0.000584072 0.000194095 9.96343e-21 -9.20361e-05 6.84452e-06 -8.82437e-05 -3.29488e-07 0.000225607 2.44115e-20
6.75442 0.0543363 -0.0987477 -0.000775212 -0.013342 -0.00116678 0.000171385 0.00279537 -0.000862332 -0.000592487 -5.66075e-20 0.000285169 -2.45365e-05 0.000292678 -2.35184e-06 -0.000750041 -7.56318e-20
6.85914 0.0528368 -0.0982455 -0.000745813 -0.012908 -0.00120219 -0.000196815 0.00289207 1.75999e-05 -9.79687e-06 2.47667e-21 6.8137e-06 -4.30721e-07 8.86909e-05 -1.2511e-07 -0.000226274 4.53749e-21
6.96386 0.0531963 -0.0977756 -0.00150188 -0.012624 -0.00108833 0.000160247 0.0025263 -0.000756717 0.000353265 1.95532e-20 -0.000167543 1.39221e-05 -0.000109545 2.85437e-07 0.000277522 2.90159e-20
7.06858 0.0515753 -0.0973572 -0.00138195 -0.0121538 -0.000663416 4.21315e-05 0.00161474 -0.000432763 -0.000168826 -5.78204e-21 7.94029e-05 -6.63884e-06 2.72893e-05 -4.49635e-07 -6.84136e-05 -1.3623e-20
7.1733 0.0501711 -0.0964904 -0.00129608 -0.0119325 -0.00090649 -0.000135987 0.00218842 -6.95247e-05 -0.000168864 -1.62884e-21 8.01705e-05 -6.51316e-06 7.34286e-05 -4.66082e-07 -0.000184594 -6.92434e-21
7.27802 0.0498495 -0.095369 -0.00167118 -0.0118594 -0.000682332 0.000379046 0.00158655 -0.00115099 4.80381e-05 4.38941e-22 -2.16185e-05 1.80949e-06 4.82279e-05 6.69443e-07 -0.000121813 9.83299e-21
7.38274 0.0491841 -0.0955839 -0.00194671 -0.0112613 -0.00106938 0.000417417 0.00244593 -0.00125736 9.51242e-07 4.65494e-22 -1.1133e-06 5.79623e-08 -3.19196e-05 -2.60316e-07 7.90768e-05 -6.258e-22
7.48746 0.0474271 -0.0933103 -0.00162412 -0.0116354 -0.000876035 0.000527005 0.00189594 -0.00159896 8.72393e-05 6.6987e-23 -4.54299e-05 4.2787e-06 -0.000109251 2.24446e-07 0.000269883 -3.9346e-21
7.59218 0.0467467 -0.0936574 -0.00180527 -0.0109497 -0.000784017 -0.000128215 0.00183886 -5.96186e-05 -7.43393e-06 5.26917e-22 1.84167e-06 4.23274e-08 -7.26154e-05 8.03205e-09 0.000178538 -8.2112e-21
7.6969 0.046566 -0.0927578 -0.00219881 -0.0108229 -0.000708005 0.000273113 0.00155188 -0.000878209 0.000322169 -2.2282e-21 -0.000153513 1.24592e-05 -0.000119194 -3.72972e-07 0.00029277 1.54916e-20
7.80162 0.0443863 -0.0919534 -0.00164881 -0.0105737 -0.000371866 0.000135628 0.000939138 -0.000635715 0.000162328 6.7128e-21 -7.5431e-05 5.62998e-06 -1.70243e-05 1.19842e-08 4.32902e-05 1.34045e-20
7.90634 0.0442478 -0.0918659 -0.00203477 -0.010149 -0.000839318 -0.000180026 0.00199096 7.15137e-05 -8.55348e-05 -3.07611e-21 4.04245e-05 -3.22528e-06 2.52169e-05 -2.69647e-07 -6.1551e-05 -7.60126e-21
8.01106 0.04419 -0.0901886 -0.00237792 -0.010416 -0.000809736 -0.000402945 0.00183071 0.00054724 0.000155408 1.32634e-20 -7.2027e-05 5.82488e-06 2.58774e-05 -1.55963e-07 -6.23412e-05 3.12018e-21
8.11578 0.043071 -0.0902363 -0.00236496 -0.00985877 -0.000910454 0.000142948 0.00199305 -0.000613262 -8.44843e-05 -5.22851e-21 4.07247e-05 -2.90872e-06 5.62438e-05 2.42238e-07 -0.000136267 -1.47301e-20
8.2205 0.0431995 -0.0889927 -0.00274518 -0.00995279 -0.000962688 0.000316034 0.00210296 -0.000970292 0.000155201 1.05381e-20 -7.49464e-05 5.85746e-06 -0.000115779 -5.01178e-07 0.000281045 2.78736e-20
8.32522 0.0420749 -0.0890087 -0.00270826 -0.00939715 -0.000278071 0.000324261 0.000542402 -0.000867333 0.000245107 -3.66666e-21 -0.000118694 1.14499e-05 -3.78102e-05 2.01022e-06 8.36956e-05 1.36883e-20
8.42994 0.0406865 -0.0879457 -0.00242022 -0.00939417 -0.000640731 0.000552652 0.0013767 -0.00153244 0.000292111 -4.7314e-21 -0.000138922 1.06741e-05 -7.69876e-05 -9.56915e-08 0.0001858 1.74977e-20
8.53466 0.0409058 -0.0881287 -0.00292443 -0.00885105 -0.000238782 0.000490869 0.00047434 -0.00122158 6.27956e-05 1.56009e-21 -2.97409e-05 1.86161e-06 -6.66514e-05 -1.47734e-06 0.000160899 -6.04646e-21
8.63938 0.0402948 -0.0871887 -0.0029816 -0.0088207 3.00494e-05 0.000297123 -0.000132795 -0.000824284 -1.48741e-05 -1.15244e-22 7.05725e-06 -5.65866e-07 2.35729e-06 2.92378e-08 -5.53365e-06 -7.28924e-22
8.7441 0.0391032 -0.0865115 -0.00275702 -0.00862627 -0.000321022 -0.000126726 0.000730917 7.67692e-05 4.33212e-05 -6.12578e-22 -2.06796e-05 1.53836e-06 -4.43002e-05 -3.27254e-07 0.000105592 -2.38333e-21
8.84882 0.038143 -0.0861578 -0.00267191 -0.0083043 -0.000501763 -0.000446898 0.00115375 0.000783579 8.42468e-05 2.06249e-22 -4.00614e-05 3.0952e-06 -3.12775e-05 1.25452e-07 7.33888e-05 6.30912e-21
8.95354 0.0373608 -0.0848027 -0.00260374 -0.00845455 -0.000446726 7.26233e-05 0.000965652 -0.000385006 0.000232061 -9.216e-21 -0.000110933 8.64087e-06 -9.61221e-05 3.98027e-08 0.000227301 4.04742e-21
9.05826 0.0376428 -0.08495 -0.00307401 -0.00801206 -0.000997074 -0.000143863 0.00217904 8.39296e-05 -0.000252849 -1.16134e-20 0.000121296 -9.87258e-06 7.03818e-05 -1.02132e-06 -0.000162878 -1.98282e-20
9.16298 0.0368459 -0.0844012 -0.00300367 -0.00778084 -0.000636278 -4.52107e-05 0.00142388 -4.67335e-05 3.1007e-05 -1.33621e-21 -1.53345e-05 1.81926e-06 -3.07961e-06 7.15714e-07 5.72173e-06 1.53343e-21
9.2677 0.036315 -0.0831833 -0.00302171 -0.00791611 -0.000735566 0.000338263 0.00158481 -0.000933177 0.000185183 -8.46152e-23 -8.83996e-05 7.75695e-06 -1.24611e-05 1.10863e-06 2.78602e-05 1.00727e-20
9.37242 0.0354343 -0.0825977 -0.0029102 -0.00772583 -0.000273797 0.000254809 0.000582968 -0.000702376 2.23665e-05 7.45671e-22 -1.06454e-05 9.65599e-07 8.35251e-06 2.48876e-07 -2.00969e-05 2.48116e-21
9.47714 0.0348118 -0.0830263 -0.00295626 -0.00713683 -0.000357192 -7.66411e-05 0.000821011 -7.26758e-06 -0.00011606 -3.64374e-21 5.554e-05 -4.39192e-06 4.90289e-05 -2.0209e-07 -0.000113067 -8.43155e-21
9.58186 0.0340429 -0.08208 -0.0028561 -0.0071376 -0.000504551 -4.74078e-05 0.00112717 -8.49282e-05 0.000221931 8.08427e-21 -0.000106375 8.03156e-06 -0.000118863 3.02326e-07 0.000275192 1.57807e-20
9.68658 0.0328586 -0.08159 -0.00259026 -0.00692183 -0.000594524 -0.00011192 0.00132727 3.39813e-05 5.60122e-05 -2.76586e-21 -2.67578e-05 1.87884e-06 -1.99164e-05 1.35315e-07 4.59752e-05 2.20264e-21
9.7913 0.0330814 -0.0802869 -0.0028964 -0.00715096 -0.00042379 6.01852e-05 0.000910685 -0.000324135 3.98976e-05 7.55367e-22 -1.93703e-05 1.593e-06 -2.65116e-05 1.22557e-07 6.11345e-05 2.44414e-21
9.89602 0.0321932 -0.0796892 -0.00274582 -0.00701865 -0.000799361 9.63289e-05 0.00171041 -0.000455279 -0.000163628 -8.60254e-22 7.8363e-05 -5.41522e-06 5.36831e-05 -1.73309e-07 -0.000124171 -1.97224e-20
10.0007 0.0321642 -0.0794769 -0.00298515 -0.00673595 -0.000388769 -9.96875e-05 0.000833682 6.21186e-05 1.42632e-05 8.21926e-22 -6.83072e-06 2.01644e-07 -3.67245e-05 -3.81865e-07 8.51506e-05 1.97083e-21
10.1055 0.032119 -0.0784299 -0.00317769 -0.00685586 -0.000458192 0.000305463 0.000903349 -0.000817979 -5.17858e-05 1.41025e-23 2.57901e-05 -2.04923e-06 6.10855e-05 1.07643e-07 -0.000140133 2.60897e-22
10.2102 0.0312388 -0.0786043 -0.00302503 -0.00638923 -0.000554803 -2.03925e-05 0.00120173 -0.000133502 0.000128296 5.11217e-21 -6.11512e-05 4.46843e-06 -1.29889e-05 1.64392e-07 2.95626e-05 1.25129e-20
10.3149 0.0310535 -0.0776165 -0.0031501 -0.00649305 -0.000790077 0.000319925 0.00162879 -0.000901746 -0.000101958 -6.19101e-21 4.95353e-05 -3.5983e-06 4.78565e-05 -1.0458e-07 -0.000108947 -1.59817e-20
10.4196 0.0296172 -0.0773508 -0.00272833 -0.0061905 -0.000796443 0.000297524 0.00166689 -0.000852902 8.84912e-05 -1.57772e-21 -4.26496e-05 2.77401e-06 -3.01954e-05 1.08799e-07 6.88211e-05 7.66472e-21
10.5243 0.0301474 -0.0771271 -0.00318136 -0.0059847 -0.000606481 0.000348499 0.00125823 -0.000914197 8.81445e-05 -3.98925e-21 -4.28673e-05 3.19731e-06 -4.80728e-05 1.15532e-07 0.000108685 2.68477e-21
10.6291 0.0293063 -0.0760286 -0.0029681 -0.00609211 -0.000359741 0.000161176 0.000731841 -0.000477151 0.00017463 -4.93588e-21 -8.39415e-05 6.05268e-06 -6.21022e-05 1.02059e-08 0.000141081 8.92514e-21
10.7338 0.0292503 -0.0759407 -0.00315533 -0.00581876 -0.000436818 0.00027396 0.000904882 -0.00073411 2.79013e-05 4.08092e-22 -1.34059e-05 9.8745e-07 -6.7356e-06 2.74135e-08 1.52072e-05 2.25662e-21
10.8385 0.0282741 -0.0759679 -0.00292653 -0.00541837 -0.000276291 4.80008e-05 0.000603731 -0.000209354 3.79003e-05 1.28774e-21 -1.79527e-05 8.63592e-07 -4.06632e-05 -5.04267e-07 9.25668e-05 2.61073e-21
10.9432 0.028368 -0.0752089 -0.00315618 -0.00544799 -0.000185821 9.74848e-05 0.00036192 -0.000283983 0.000114387 6.53476e-21 -5.42482e-05 2.63333e-06 -7.62476e-05 -1.64398e-06 0.000173647 1.12609e-20
11.0479 0.0279098 -0.0745754 -0.00309713 -0.00540613 -0.000269603 -0.000361297 0.00062473 0.000679515 -7.1527e-05 4.67939e-21 3.45484e-05 -2.87933e-06 2.52916e-05 -4.57797e-07 -5.59605e-05 1.11322e-21
11.1527 0.0277325 -0.0738275 -0.00319657 -0.00542822 -0.000211774 0.000194379 0.00040711 -0.00049384 -0.000104005 8.00847e-21 5.02993e-05 -3.99404e-06 2.53347e-05 -3.19726e-07 -5.60464e-05 -1.75048e-21
11.2574 0.0268911 -0.0729701 -0.00296151 -0.00549532 -0.000686608 0.000135151 0.00142944 -0.000468791 0.000125164 -2.8822e-21 -5.88109e-05 3.38179e-06 2.15345e-05 -7.32354e-07 -4.7202e-05 8.45711e-21
11.3621 0.0263399 -0.0731803 -0.00292066 -0.00506146 -0.000505264 0.000198557 0.00103843 -0.000559193 5.38079e-05 -2.06161e-21 -2.58962e-05 1.67383e-06 -1.12681e-05 1.48175e-08 2.51249e-05 4.66e-21
11.4668 0.0267905 -0.0723386 -0.00328047 -0.00517332 -0.000500338 0.000715182 0.000947493 -0.00163813 -0.000204427 -6.56473e-21 9.93903e-05 -6.91811e-06 6.74095e-05 2.36396e-07 -0.000150399 5.33781e-21
11.5715 0.025718 -0.0713898 -0.00291561 -0.00526829 -0.000604628 0.000507204 0.0012016 -0.00124506 0.000278415 -1.45996e-20 -0.00013333 8.15928e-06 -4.11757e-05 -6.43811e-07 9.33869e-05 2.06831e-20
11.6763 0.0254571 -0.0717707 -0.00298076 -0.00479008 -0.000214007 0.000214379 0.000438024 -0.000565269 -2.07507e-06 -1.45732e-22 8.68055e-07 1.07769e-08 -9.17474e-06 2.3863e-08 2.03614e-05 -6.12799e-22
11.781 0.0251144 -0.0706416 -0.00295122 -0.0049966 0.000106463 0.000233994 -0.000291457 -0.000564268 9.45876e-05 -1.7258e-21 -4.49414e-05 2.64426e-06 -4.85858e-06 -4.78936e-07 1.12534e-05 6.05197e-21
11.8857 0.0245174 -0.0705374 -0.00283763 -0.00473366 -0.000217795 5.00872e-05 0.000442461 -0.000194727 1.09471e-05 5.97154e-23 -5.29085e-06 3.54464e-07 -5.4106e-06 9.83772e-10 1.203e-05 9.5765e-22
11.9904 0.0249587 -0.0703629 -0.0031979 -0.00455907 -0.00016388 -9.87577e-05 0.000345606 0.000154292 3.01531e-05 3.90023e-22 -1.32813e-05 -6.48616e-07 -2.92058e-05 -1.74468e-06 6.74703e-05 2.02019e-21
12.0951 0.0238357 -0.0696737 -0.00280943 -0.00455647 -0.00051183 2.15682e-05 0.00107346 -0.000170491 7.42816e-05 -2.50232e-21 -3.53289e-05 2.18987e-06 1.80124e-05 -9.76943e-08 -3.98119e-05 8.41789e-21
12.1999 0.0236796 -0.0693439 -0.00287791 -0.00443349 -0.000410582 -1.88702e-05 0.000867212 -7.43981e-05 -2.91896e-05 1.01053e-21 1.39532e-05 -8.77659e-07 -2.67659e-06 1.9825e-08 5.88153e-06 -2.86116e-21
12.3046 0.023745 -0.0686635 -0.00304452 -0.00448437 -0.000456127 0.00027406 0.000900053 -0.000688569 -0.000108122 -4.1338e-21 5.28756e-05 -3.50109e-06 5.98339e-05 -1.01472e-08 -0.000131849 -1.49504e-20
12.4093 0.0232869 -0.0680217 -0.00294914 -0.00448667 -0.000412428 0.000282403 0.000813539 -0.000688754 6.17524e-05 7.52722e-22 -2.98316e-05 1.98408e-06 -1.33692e-05 2.66047e-08 2.94915e-05 6.45543e-21
12.514 0.0227258 -0.0679849 -0.00283103 -0.00423144 -0.000461795 0.00017751 0.000951992 -0.000499606 -2.34891e-06 -7.33296e-22 7.75062e-07 1.27513e-07 -1.95642e-05 2.06679e-07 4.28432e-05 3.00913e-21
12.6187 0.0229038 -0.0678227 -0.00304712 -0.00404769 -0.000177944 1.70805e-05 0.000378002 -9.63358e-05 0.000138966 -4.11089e-21 -6.7346e-05 4.92682e-06 -5.89163e-05 3.3913e-07 0.000128843 1.1899e-21
12.7235 0.0221689 -0.0669907 -0.00281937 -0.00414718 -0.000223757 0.000107593 0.000437274 -0.000308951 0.000106297 -1.375e-22 -5.17294e-05 3.41365e-06 -5.48089e-05 5.96217e-08 0.000120298 6.36729e-21
12.8282 0.0220824 -0.0668251 -0.0029085 -0.00396571 -0.000201437 8.39054e-05 0.000403073 -0.000237819 -0.000173549 4.91826e-21 8.39756e-05 -5.09037e-06 0.000101907 5.09389e-07 -0.000224047 -4.18492e-21
12.9329 0.0220975 -0.0663514 -0.00303097 -0.00393392 -3.24925e-05 0.000122159 3.67785e-05 -0.000280781 -2.27997e-05 -6.93448e-22 1.14259e-05 -1.36428e-06 -4.82303e-06 -6.65589e-07 1.16669e-05 -5.48897e-22
13.0376 0.0214025 -0.0656558 -0.00281484 -0.00399122 -6.21709e-05 0.000227863 7.1706e-05 -0.000543358 4.45311e-05 9.92465e-22 -2.17337e-05 1.45215e-06 -2.09565e-05 -1.99367e-08 4.57833e-05 3.79622e-21
13.1423 0.0210751 -0.0654097 -0.00277865 -0.00384655 -0.000203871 0.00014359 0.000392153 -0.000367242 3.25748e-05 6.68989e-22 -1.56939e-05 9.85577e-07 1.65188e-07 1.40527e-08 -4.61094e-07 2.87265e-21
13.247 0.0211413 -0.0650931 -0.00292014 -0.00376121 -0.000223679 -6.99759e-05 0.00045868 9.08392e-05 8.16144e-05 4.04654e-21 -3.9421e-05 2.3188e-06 -4.32361e-05 -2.48256e-07 9.46221e-05 8.59196e-21
13.3518 0.0205228 -0.0647544 -0.00274475 -0.00366031 -0.000248108 2.729e-05 0.000498716 -0.000134014 -0.000114402 -4.01041e-21 5.52895e-05 -3.25493e-06 2.54925e-05 1.2873e-07 -5.55486e-05 -1.02093e-20
13.4565 0.0203679 -0.0640522 -0.00276428 -0.00374965 -0.000364997 0.000129473 0.000725369 -0.000359532 -5.33438e-05 -4.45816e-21 2.60029e-05 -1.59164e-06 2.51934e-05 -1.87424e-08 -5.49284e-05 -1.07779e-20
13.5612 0.0202008 -0.0639476 -0.00280626 -0.00356562 -0.000277994 0.000227698 0.000531158 -0.0005597 6.02275e-05 -1.98493e-21 -2.94212e-05 1.81863e-06 -2.48519e-05 -9.36336e-09 5.38479e-05 4.01746e-21
13.6659 0.0198988 -0.0633481 -0.0027487 -0.00359799 -0.000198581 0.000162241 0.000379244 -0.000400968 0.000134209 -2.69006e-21 -6.52185e-05 4.07763e-06 -5.16047e-05 -2.5229e-08 0.000112349 7.06713e-21
13.7706 0.0199312 -0.0630845 -0.00287798 -0.00350098 -0.000232773 0.000379115 0.000411746 -0.00085222 -0.000113222 4.02275e-21 5.50876e-05 -3.25304e-06 2.91272e-05 2.67553e-07 -6.31382e-05 -2.80728e-21
13.8754 0.0195834 -0.0628401 -0.00281009 -0.00337488 -9.9923e-05 0.00026736 0.000162759 -0.000598008 -3.68262e-05 -5.43388e-22 1.79716e-05 -1.14744e-06 1.70359e-05 3.08657e-08 -3.69084e-05 -2.31414e-21
13.9801 0.0190852 -0.0624971 -0.00267404 -0.00330138 -0.000225455 0.000159957 0.000435097 -0.000401152 -0.00013491 -9.11376e-22 6.6147e-05 -4.17104e-06 7.69831e-05 -1.88357e-07 -0.000166205 -1.33868e-20
14.0848 0.0192837 -0.0620409 -0.00285206 -0.00331221 6.11257e-05 0.000118956 -0.000162928 -0.000283327 -9.23099e-05 2.98533e-21 4.4098e-05 -2.06751e-06 -1.31914e-05 6.76237e-07 2.78793e-05 -7.74229e-21
14.1895 0.0187432 -0.061647 -0.002691 -0.00324607 3.27982e-05 0.000142469 -0.000109591 -0.00031526 0.000231621 -4.13909e-21 -0.00011278 7.08012e-06 -8.52657e-05 -1.80931e-07 0.000183928 1.08695e-20
14.2942 0.0188549 -0.061732 -0.00284892 -0.00300995 -0.00019348 -5.2095e-05 0.00040163 6.59521e-05 -0.000140721 3.04967e-21 6.71969e-05 -2.07784e-06 8.45475e-05 2.19497e-06 -0.000184477 -1.39615e-21
14.399 0.0186024 -0.0611627 -0.00281004 -0.00305814 -0.00010168 0.000172898 0.000177944 -0.000396477 -8.20193e-07 1.90226e-22 2.61474e-07 -5.16489e-08 -2.31779e-05 -1.20663e-07 5.0043e-05 1.40849e-21
14.5037 0.018202 -0.0607294 -0.00269567 -0.00304279 -0.000318663 0.000158904 0.000648517 -0.000399567 -9.5712e-05 5.79878e-21 4.66766e-05 -2.74157e-06 5.7116e-05 -1.24951e-08 -0.000123424 -2.58605e-21
14.6084 0.0179067 -0.060449 -0.00264581 -0.00295503 -0.000279094 9.52848e-05 0.000568109 -0.00025533 0.000121238 6.72514e-21 -5.90931e-05 3.61945e-06 -4.97355e-05 1.96825e-07 0.000106968 1.26694e-20
14.7131 0.0176816 -0.0599187 -0.00261626 -0.0029937 -5.95897e-05 0.000220395 8.67705e-05 -0.000497786 -4.2916e-05 -1.43052e-21 2.09776e-05 -1.31552e-06 1.94581e-05 -9.56518e-09 -4.18633e-05 -3.7786e-21
14.8178 0.0175588 -0.0597449 -0.00264637 -0.00287108 -9.39674e-05 0.000189533 0.000165209 -0.00042916 -1.58254e-05 -2.39963e-22 7.69818e-06 -5.04996e-07 -8.79194e-07 -5.84024e-08 1.98565e-06 -1.03824e-21
14.9226 0.0174188 -0.0594236 -0.00266215 -0.00282491 -3.94037e-05 0.000133851 5.06492e-05 -0.000313614 -7.65365e-05 -8.79645e-22 3.75039e-05 -2.38169e-06 3.85052e-05 -2.06332e-08 -8.23215e-05 -2.41065e-21
15.0273 0.0175025 -0.0589716 -0.00277536 -0.00284334 4.35098e-05 0.000191321 -0.000135665 -0.000406206 -0.000100717 -4.43084e-21 4.83217e-05 -2.38848e-06 -4.01518e-05 3.76629e-07 8.59123e-05 -5.12979e-21
15.132 0.0167971 -0.0588405 -0.00252438 -0.00268578 -0.000185676 5.198e-05 0.000368418 -0.000153799 -7.42864e-05 -3.88701e-21 3.62844e-05 -2.08e-06 3.28008e-05 -2.33335e-08 -7.00981e-05 -7.75991e-21
15.2367 0.0165161 -0.0583454 -0.00245943 -0.00271701 -0.000192083 2.39745e-05 0.000379115 -9.4438e-05 2.39484e-05 1.15024e-22 -1.17805e-05 6.32324e-07 -2.60642e-05 -1.62788e-08 5.58797e-05 6.91024e-22
15.3414 0.0164543 -0.0583448 -0.00251615 -0.00253485 -0.000255619 0.000102271 0.000512192 -0.000273714 -4.26751e-05 -7.10855e-22 2.07565e-05 -1.0882e-06 5.69578e-06 5.86675e-08 -1.21839e-05 -3.51704e-21
15.4462 0.0161409 -0.0576907 -0.00242688 -0.00263994 -0.000350849 0.000132267 0.000698735 -0.000334641 1.81002e-05 6.9521e-22 -8.59335e-06 4.68878e-07 1.93734e-05 -5.83392e-08 -4.1461e-05 -1.76326e-21
15.5509 0.0159994 -0.0576912 -0.00244369 -0.00245088 -0.000283148 0.000148472 0.000561267 -0.000359349 -0.00011157 1.30448e-21 5.47084e-05 -2.95352e-06 5.1268e-05 -5.05474e-08 -0.000109051 -1.11181e-20
15.6556 0.0159766 -0.0570399 -0.00249008 -0.00257469 -9.88325e-05 0.000255749 0.000153907 -0.000558752 4.53683e-05 -2.90997e-21 -2.21438e-05 1.18175e-06 -1.00718e-05 -9.14364e-08 2.14503e-05 2.12794e-21
15.7603 0.0153503 -0.0569685 -0.00226596 -0.00240686 -0.000179191 0.000175067 0.000346334 -0.000411419 8.69475e-05 1.14319e-21 -4.26629e-05 2.34574e-06 -4.04397e-05 1.32278e-07 8.60248e-05 1.07091e-20
15.865 0.0156516 -0.0563911 -0.00246167 -0.00251931 -0.000194129 0.000180639 0.000371882 -0.000421052 2.06348e-05 -5.23997e-22 -1.07366e-05 9.40461e-07 -6.2489e-05 3.27933e-07 0.000133135 4.56217e-21
15.9698 0.0154367 -0.0563506 -0.00243405 -0.00235169 -0.000128353 5.12067e-05 0.000256271 -0.000138638 0.000137128 3.95047e-21 -6.69196e-05 3.578e-06 -7.60727e-05 -1.94322e-07 0.000162127 1.22357e-20
16.0745 0.0152907 -0.0559103 -0.00242616 -0.00237804 -4.64142e-06 0.000181961 -2.29343e-05 -0.000391592 0.000109675 -7.56248e-22 -5.3735e-05 3.07601e-06 -4.92321e-05 -9.50112e-08 0.000104692 5.45327e-21
16.1792 0.014702 -0.055463 -0.00220357 -0.00239841 -0.000138071 0.000102768 0.00026002 -0.000253954 1.88221e-05 -8.08692e-22 -9.14401e-06 4.31172e-07 -2.97756e-06 -4.52441e-08 6.36703e-06 2.21718e-21
16.2839 0.0147921 -0.0555317 -0.00232212 -0.00219909 -0.000163975 5.04128e-05 0.000325384 -0.000136841 -5.88663e-05 1.22075e-21 2.88286e-05 -1.56846e-06 2.42793e-05 -4.65668e-08 -5.13848e-05 -2.52215e-21
16.3886 0.0147594 -0.0549329 -0.00235305 -0.00231676 -8.22697e-05 3.51894e-05 0.000152186 -9.88052e-05 -8.62356e-05 -2.61161e-21 4.21718e-05 -2.32724e-06 3.80662e-05 3.24067e-08 -8.08627e-05 -7.97762e-21
16.4934 0.0145659 -0.0546388 -0.0023228 -0.00227971 -0.000160619 7.20175e-05 0.000306939 -0.000174664 5.10288e-05 -3.62038e-21 -2.49933e-05 1.35687e-06 -1.92176e-05 9.99356e-09 4.07221e-05 2.13168e-21
16.5981 0.0146923 -0.0548694 -0.0024614 -0.0020177 -9.7874e-05 2.03325e-06 0.000196519 -3.00675e-05 0.000267775 -1.09788e-20 -0.000129595 3.9688e-06 -0.000133365 -3.44258e-06 0.000284306 -9.65318e-21
16.7028 0.0144092 -0.0538963 -0.0023569 -0.00230292 -0.000186765 0.000192248 0.000345124 -0.000426327 3.54494e-05 -1.47856e-21 -1.74646e-05 8.95979e-07 -2.32581e-05 -6.30913e-08 4.94564e-05 2.91614e-21
16.8075 0.0139596 -0.0541183 -0.00221509 -0.00202219 -0.000294508 3.18651e-05 0.000602334 -0.000112623 -3.23842e-05 1.05901e-21 1.58566e-05 -8.15168e-07 1.26337e-05 -4.66707e-08 -2.66909e-05 -3.14024e-21
16.9122 0.0143289 -0.0536162 -0.00244159 -0.00211519 3.8045e-05 0.000239094 -0.000119913 -0.000495746 -3.45336e-05 5.44269e-22 1.69906e-05 -9.67296e-07 1.64153e-05 6.79517e-08 -3.46723e-05 -3.25901e-21
17.017 0.0137206 -0.0532721 -0.00219962 -0.0021007 -5.00768e-05 0.000169118 7.63199e-05 -0.000375771 -1.84966e-05 3.20171e-22 8.99225e-06 -4.25037e-07 2.08111e-07 4.22777e-08 -4.51906e-07 -1.39574e-21
17.1217 0.0138205 -0.0533472 -0.00231536 -0.00191019 -1.96398e-05 -3.27515e-06 3.40904e-05 -1.43669e-06 0.000121209 -2.41858e-21 -5.8573e-05 1.71064e-06 -6.20036e-05 -1.6029e-06 0.000132197 -1.88798e-21
17.2264 0.0134811 -0.05283 -0.00219928 -0.00199301 -6.17144e-05 7.99381e-05 0.00010105 -0.000187038 8.90443e-06 2.62549e-22 -4.2708e-06 1.47988e-07 6.31248e-06 -6.41178e-08 -1.32862e-05 4.22855e-22
17.3311 0.0134044 -0.0526866 -0.00221716 -0.00190773 -0.000116793 -4.27843e-06 0.000228694 -1.77134e-05 -1.03851e-05 1.20092e-23 5.08347e-06 -2.60474e-07 1.88228e-06 3.10985e-09 -3.94591e-06 -5.41405e-22
17.4358 0.0131858 -0.0524052 -0.00215969 -0.00188273 -0.000184371 -7.56871e-05 0.000380143 0.000124196 4.98887e-05 -3.27443e-21 -2.44123e-05 1.20267e-06 -2.57371e-05 5.3694e-09 5.4227e-05 1.02243e-22
17.5406 0.013099 -0.0520857 -0.00216901 -0.00188121 -0.000191029 0.000139167 0.000368108 -0.000314918 8.19572e-05 -1.59799e-21 -4.02763e-05 2.04833e-06 -2.85457e-05 2.67487e-08 5.99965e-05 7.07771e-21
17.6453 0.0128542 -0.0515964 -0.00208874 -0.00196799 -0.000398951 0.00011587 0.000802386 -0.000305739 -0.000118782 1.42259e-21 5.67971e-05 -1.78011e-06 -6.78414e-05 1.46342e-06 0.000142261 -5.14742e-21
17.75 0.0127757 -0.0516814 -0.00211546 -0.00176788 -0.000104629 0.000161458 0.000190397 -0.000351206 -1.12091e-05 -7.18347e-23 5.54631e-06 -1.38669e-07 1.9081e-05 1.64716e-07 -4.02464e-05 -9.56328e-22
17.8547 0.0129966 -0.051041 -0.00225572 -0.00194052 -0.000103998 0.00032767 0.000159573 -0.000691588 -8.02929e-05 8.83964e-21 3.9624e-05 -1.99988e-06 3.29779e-05 1.8006e-07 -6.94174e-05 -9.27594e-21
17.9594 0.0125343 -0.0510715 -0.00208592 -0.00176555 -7.84855e-05 0.000104207 0.000146248 -0.000233809 1.1806e-05 1.96223e-22 -5.79882e-06 2.65534e-07 -9.14156e-06 -3.46582e-08 1.92706e-05 1.15354e-21
18.0642 0.0125711 -0.0507375 -0.00214752 -0.00178255 8.18694e-05 0.000137941 -0.000193434 -0.000279552 0.000130884 6.96488e-21 -6.42635e-05 3.41849e-06 -4.66348e-05 -1.09088e-07 9.79057e-05 1.45573e-20
18.1689 0.0124482 -0.0505102 -0.00213415 -0.00174884 5.47443e-05 5.91956e-05 -0.000129662 -0.000122233 -2.80227e-06 -2.28464e-22 1.35841e-06 -9.85174e-08 -9.53042e-06 -6.4562e-08 2.01147e-05 -1.96532e-21
18.2736 0.01213 -0.0501157 -0.00201959 -0.00178988 -5.10242e-05 2.23897e-05 9.02681e-05 -6.4422e-05 2.20598e-05 -7.20992e-22 -1.11734e-05 8.68831e-07 -4.87596e-05 2.86787e-07 0.000102398 -8.01112e-21
18.3783 0.0122297 -0.0500446 -0.00212036 -0.00168888 -3.47248e-05 0.000131862 4.49077e-05 -0.000279538 2.52291e-05 3.67327e-22 -1.24623e-05 6.12127e-07 -1.83604e-05 -6.22207e-08 3.84994e-05 -1.5645e-22
18.483 0.0119368 -0.0496846 -0.00201443 -0.00171428 -0.000116216 9.76041e-05 0.000221676 -0.000218359 3.48393e-05 -7.25839e-22 -1.71155e-05 1.02202e-06 8.59264e-07 1.83139e-07 -2.04791e-06 3.61279e-21
18.5878 0.0118026 -0.0496069 -0.00199897 -0.00160927 -8.13042e-05 0.000119031 0.000149602 -0.000252978 -8.75309e-05 9.22834e-22 4.2797e-05 -1.45042e-06 5.26772e-05 6.82678e-07 -0.000111103 -5.3616e-21
18.6925 0.0119399 -0.0492575 -0.00210064 -0.00165227 -4.62301e-05 0.000152928 7.40693e-05 -0.000320658 -4.24135e-06 -5.77832e-22 2.04156e-06 1.53518e-07 1.68011e-05 2.96793e-07 -3.55512e-05 4.86978e-22
18.7972 0.0116578 -0.0491687 -0.00200972 -0.00155526 -0.00011201 -1.8145e-05 0.000230517 1.79807e-05 -5.61873e-05 -2.1264e-21 2.7407e-05 -1.05799e-06 3.18065e-05 2.75453e-07 -6.69393e-05 -5.30431e-21
18.9019 0.0115596 -0.048768 -0.00199836 -0.00161311 -9.06921e-05 9.98862e-05 0.000169266 -0.000221619 -5.93919e-06 3.01552e-22 2.89143e-06 -1.81814e-07 -6.78694e-06 -4.36433e-08 1.42976e-05 -7.59113e-22
19.0066 0.0113953 -0.0484856 -0.0019585 -0.0016145 -0.000116983 0.000144153 0.000215731 -0.000317615 4.64972e-05 -3.61377e-23 -2.30107e-05 1.1626e-06 -3.05463e-05 5.06081e-08 6.39642e-05 3.59174e-21
19.1114 0.0112245 -0.0484582 -0.00192428 -0.00149268 -0.000128442 0.000126376 0.000241443 -0.000279963 2.05018e-05 1.63942e-22 -1.01591e-05 4.81261e-07 -1.48204e-05 6.77391e-09 3.09252e-05 2.33309e-21
19.2161 0.0111552 -0.0481308 -0.00192388 -0.00152179 -0.000137145 0.000146301 0.000258923 -0.000322543 4.80506e-05 1.96554e-22 -2.3705e-05 1.11669e-06 -2.25442e-05 2.91391e-09 4.71129e-05 5.63748e-21
19.3208 0.0110757 -0.0480757 -0.00192854 -0.00141848 6.03056e-06 3.36193e-05 -2.17921e-05 -7.4961e-05 -3.79997e-05 -5.28845e-23 1.86958e-05 -9.07047e-07 1.83265e-05 2.13385e-08 -3.8201e-05 -1.56626e-21
19.4255 0.010909 -0.0474582 -0.0018689 -0.00158553 -3.51238e-05 7.83327e-05 5.55354e-05 -0.000172417 -4.12226e-05 8.80086e-22 2.04747e-05 -1.08533e-06 5.433e-05 -5.8625e-08 -0.000114063 1.57772e-22
19.5302 0.0108533 -0.0474872 -0.00188878 -0.00144686 -9.55621e-05 9.5964e-05 0.000181205 -0.000211782 2.58346e-05 5.72474e-22 -1.27105e-05 8.5972e-07 1.47133e-05 2.71047e-07 -3.10465e-05 1.04954e-21
19.635 0.0107467 -0.0472488 -0.00187146 -0.0014379 -0.00013911 -1.22275e-05 0.00028129 3.72038e-06 -2.60544e-05 -5.48676e-23 1.28022e-05 -6.20754e-07 8.58854e-06 -3.14764e-08 -1.79084e-05 -1.88555e-21
19.7397 0.0104992 -0.0470906 -0.0017903 -0.00138229 -9.59637e-05 2.64351e-05 0.000189234 -6.98043e-05 -1.49036e-07 2.25654e-22 5.65675e-08 1.01908e-07 1.03827e-05 1.02511e-07 -2.17953e-05 7.93928e-22
19.8444 0.0104349 -0.0467828 -0.00178936 -0.00141231 -0.000195085 1.19542e-05 0.000395346 -5.41396e-05 3.05085e-05 -2.20903e-21 -1.50633e-05 7.0567e-07 -2.731e-05 1.00583e-07 5.70362e-05 2.56049e-21
19.9491 0.0105611 -0.0465635 -0.00188796 -0.00140237 -5.83162e-05 0.00015853 9.41324e-05 -0.000336459 -1.64645e-05 -1.99639e-22 8.38555e-06 -5.80308e-07 3.29822e-05 -1.42381e-07 -6.8658e-05 -1.78573e-21
20.0538 0.0103191 -0.046469 -0.00180729 -0.00132068 -4.10619e-05 0.000141049 6.66065e-05 -0.000298899 0.000101033 -1.33269e-21 -4.9855e-05 2.33048e-06 -4.82683e-05 -6.59379e-09 0.000100505 8.08515e-21
20.1586 0.0102739 -0.0462472 -0.00182064 -0.00130978 -3.0545e-05 0.00018396 3.65524e-05 -0.000384705 -0.000109957 2.0907e-21 5.42611e-05 -2.41279e-06 3.59456e-05 1.33532e-07 -7.46705e-05 -8.55494e-21
20.2633 0.0101621 -0.0460136 -0.00179637 -0.00130427 6.03834e-06 0.000155417 -3.26161e-05 -0.000325058 -5.69552e-05 -1.6522e-21 2.80802e-05 -1.3092e-06 1.92821e-05 1.7213e-08 -4.00884e-05 -7.25883e-21
20.368 0.0102569 -0.0457614 -0.00187214 -0.00131381 7.03018e-05 6.40453e-05 -0.00015725 -0.000124265 1.65786e-05 -2.78591e-21 -8.14141e-06 6.56072e-07 5.3408e-05 4.66268e-07 -0.000111738 9.13315e-21
20.4727 0.00998533 -0.0455492 -0.00177147 -0.00129677 -0.000117762 1.65291e-06 0.000235998 -2.1186e-05 4.14585e-05 6.85735e-22 -2.04044e-05 8.4813e-07 -3.29456e-05 -4.16184e-08 6.86907e-05 3.25151e-21
20.5774 0.00977712 -0.0454342 -0.0017053 -0.00123067 -8.27144e-05 -4.51818e-05 0.000169039 8.09446e-05 -2.45421e-05 -1.3155e-22 1.20774e-05 -5.64254e-07 1.02405e-05 -4.04177e-08 -2.12575e-05 -1.44485e-21
20.6822 0.00973186 -0.0452201 -0.00171589 -0.00122457 -0.000211181 4.85286e-05 0.000420612 -0.000126013 4.56445e-05 3.02323e-21 -2.21986e-05 7.64235e-07 2.79313e-05 -2.988e-07 -5.78822e-05 -2.96726e-21
20.7869 0.00939178 -0.0449887 -0.00158077 -0.00121361 -0.000194972 0.000123973 0.000382238 -0.000279913 1.99656e-05 5.30387e-22 -9.85475e-06 3.8841e-07 -7.61529e-06 5.81879e-09 1.58214e-05 2.58175e-21
20.8916 0.00953367 -0.0448617 -0.00167928 -0.00117132 -0.000162684 0.000106 0.000322247 -0.00023844 7.82655e-05 -2.05809e-21 -3.8631e-05 1.65217e-06 -4.07454e-05 5.6855e-08 8.46567e-05 1.26835e-21
20.9963 0.00952707 -0.0446349 -0.00170452 -0.00117069 -5.72676e-05 3.87555e-05 0.000110793 -8.67509e-05 -2.18976e-05 -6.99397e-22 1.06957e-05 -2.46319e-07 1.49859e-05 2.35669e-07 -3.13419e-05 -1.96554e-21
21.101 0.00940834 -0.044352 -0.00167314 -0.00119797 -2.02722e-05 0.000104531 2.81433e-05 -0.000222297 -8.37561e-05 1.41025e-22 4.12969e-05 -1.90466e-06 3.04621e-05 -5.44347e-08 -6.32446e-05 -6.53211e-21
21.2058 0.00935506 -0.0442762 -0.00167866 -0.0011274 -7.84264e-05 3.64291e-05 0.000157248 -8.74535e-05 2.17662e-05 -7.47214e-22 -1.07744e-05 6.34868e-07 -7.33629e-06 1.68093e-07 1.50983e-05 6.33292e-22
21.3105 0.00932496 -0.0440219 -0.00169158 -0.00114421 1.78983e-05 4.73042e-05 -4.50296e-05 -0.000100636 6.11455e-05 -3.01177e-21 -3.01531e-05 1.46612e-06 -1.67127e-05 9.5144e-08 3.45344e-05 1.26306e-21
21.4152 0.00917832 -0.0438238 -0.00164714 -0.0011316 -5.99175e-05 4.43544e-05 0.000116608 -0.000102823 4.94969e-05 4.09414e-22 -2.4386e-05 1.063e-06 -2.59711e-05 2.34439e-10 5.39351e-05 4.26998e-21
21.5199 0.00896694 -0.0435591 -0.0015695 -0.00114885 -7.22395e-05 1.85503e-07 0.000144375 -1.37581e-05 -6.30294e-06 -1.218e-22 3.10698e-06 -1.27306e-07 6.48702e-06 -8.08614e-10 -1.34952e-05 -7.16474e-22
21.6246 0.00908756 -0.0433604 -0.00165709 -0.00114595 -2.93411e-05 0.000153141 3.90971e-05 -0.00031862 -2.3482e-05 -1.6262e-22 1.1508e-05 -4.47548e-07 -3.04309e-06 5.18126e-08 6.3249e-06 -1.51018e-21
21.7293 0.00884324 -0.0432953 -0.00156869 -0.00106963 -0.000126393 0.000130723 0.000243497 -0.000285411 -3.21419e-05 -3.13561e-22 1.56815e-05 -5.68656e-07 -1.73681e-05 9.23674e-08 3.59692e-05 -1.31925e-21
21.8341 0.00895265 -0.0431086 -0.00164747 -0.00106237 -1.45276e-05 9.16959e-05 1.79767e-05 -0.000192199 5.4894e-05 -2.76586e-21 -2.71134e-05 1.26641e-06 -1.89705e-05 5.80731e-08 3.91954e-05 1.14803e-21
21.9388 0.00884981 -0.0430186 -0.00162842 -0.00100468 -0.000102523 9.10787e-05 0.000195827 -0.000201361 3.63029e-06 4.14427e-22 -1.84495e-06 1.24621e-07 -8.10944e-06 4.95682e-08 1.67102e-05 2.03605e-22
22.0435 0.00861466 -0.0428719 -0.00153964 -0.000967766 -0.000128344 2.60483e-05 0.000256432 -6.95346e-05 3.97427e-06 2.88578e-22 -1.93835e-06 7.76771e-08 6.12706e-06 -1.01173e-08 -1.26532e-05 -1.63832e-22
22.1482 0.00868264 -0.0425332 -0.00159369 -0.00103717 -9.44023e-05 0.000124338 0.00017524 -0.000267288 3.59401e-05 -4.48857e-22 -1.77292e-05 6.85194e-07 -8.02894e-06 -6.36084e-08 1.65987e-05 2.21079e-21
22.2529 0.00863159 -0.0423099 -0.00158867 -0.00104634 -7.2325e-05 2.33483e-05 0.000144234 -5.78105e-05 -3.964e-05 -8.889e-22 1.95504e-05 -9.09336e-07 1.70027e-05 -7.7344e-08 -3.51921e-05 -3.43419e-21
22.3577 0.00847207 -0.0422263 -0.00154162 -0.000984964 -4.27092e-05 0.000102912 7.36563e-05 -0.000218488 1.14748e-05 2.36327e-22 -5.68891e-06 2.45447e-07 -6.95928e-06 4.96239e-09 1.43677e-05 1.10628e-21
22.4624 0.00848531 -0.0418697 -0.00156522 -0.00106287 5.0019e-05 0.000113003 -0.000118312 -0.000230516 5.22065e-05 1.87387e-21 -2.56681e-05 9.9444e-07 -6.44568e-06 -1.25004e-07 1.33661e-05 3.06642e-21
22.5671 0.00830013 -0.0419483 -0.00150687 -0.00092299 -3.11105e-05 -4.82847e-06 6.21128e-05 4.98407e-06 -2.60337e-05 -2.20572e-22 1.28408e-05 -5.41064e-07 1.2422e-05 -1.23804e-08 -2.56326e-05 -1.1877e-21
22.6718 0.00829328 -0.0415938 -0.00152299 -0.00100181 -2.68711e-06 3.45072e-05 -5.55861e-06 -7.32478e-05 -5.8392e-05 -8.78323e-22 2.88607e-05 -1.18749e-06 2.94336e-05 5.35466e-08 -6.0803e-05 -5.30431e-21
22.7765 0.00823084 -0.0413999 -0.00151411 -0.0010024 -7.89398e-05 2.23611e-05 0.000153035 -5.67177e-05 -2.0559e-05 -4.4423e-22 1.01747e-05 -4.32077e-07 1.40577e-05 -1.98067e-08 -2.90577e-05 -2.82998e-21
22.8813 0.00818703 -0.0413389 -0.00151917 -0.000936689 -2.69511e-05 4.84867e-05 4.68574e-05 -0.000102221 -2.7699e-05 -7.8886e-23 1.36951e-05 -6.06005e-07 1.15813e-05 -2.91425e-08 -2.38682e-05 -1.65352e-21
22.986 0.00808903 -0.041113 -0.00149322 -0.00095122 4.86995e-06 0.000113572 -2.57767e-05 -0.000232003 6.36315e-05 -2.93509e-21 -3.14618e-05 1.28598e-06 -2.11878e-05 -4.24874e-08 4.36866e-05 9.19749e-22
23.0907 0.00801595 -0.0408613 -0.00147715 -0.000983023 -0.000159457 0.000170188 0.000305051 -0.000364827 -4.08111e-05 -3.26253e-21 2.01559e-05 -7.51516e-07 9.79301e-06 4.70842e-08 -2.02416e-05 -1.46931e-21
23.1954 0.00805199 -0.0407868 -0.00151925 -0.000929119 -2.1329e-05 9.03881e-05 3.04606e-05 -0.000186685 2.67444e-05 2.24979e-22 -1.32457e-05 5.3706e-07 -1.61335e-05 -3.54649e-08 3.32964e-05 1.65661e-21
23.3001 0.00805209 -0.0405485 -0.0015383 -0.000955479 8.40669e-05 0.000155643 -0.000190854 -0.000310217 7.56914e-06 3.84624e-22 -3.72816e-06 1.40553e-07 -9.48398e-07 -2.25724e-08 1.96059e-06 1.4587e-21
23.4049 0.00771249 -0.0402999 -0.00139192 -0.000977742 -2.19226e-05 0.000125183 2.7942e-05 -0.000262312 -3.67042e-05 3.69971e-22 1.78935e-05 -4.75265e-07 -1.3097e-05 2.20294e-07 2.70393e-05 -5.85409e-21
23.5096 0.00777967 -0.04044 -0.0014537 -0.000823954 7.89349e-05 -3.08203e-05 -0.000158971 6.63538e-05 -8.14408e-05 6.47923e-21 4.00539e-05 -1.52931e-06 4.58986e-05 2.35171e-07 -9.46988e-05 5.57843e-21
23.6143 0.00765853 -0.0401919 -0.00141473 -0.000853816 2.03491e-05 -7.26329e-07 -4.6996e-05 3.13377e-07 6.31193e-05 2.31678e-21 -3.11973e-05 1.24393e-06 -3.11435e-05 -4.2365e-08 6.40916e-05 4.17435e-21
23.719 0.00768741 -0.040088 -0.00144985 -0.000821498 -8.16601e-05 -1.86918e-05 0.000165948 2.57932e-05 -6.00844e-05 -1.92103e-21 2.96342e-05 -1.06761e-06 3.47941e-05 9.49522e-08 -7.16815e-05 -2.79539e-21
23.8237 0.00751843 -0.0398081 -0.00138494 -0.00086406 -7.67225e-05 4.10381e-05 0.000148236 -9.11677e-05 -4.16642e-05 -2.72355e-22 2.05999e-05 -7.97784e-07 1.74042e-05 -6.32605e-09 -3.58533e-05 -3.28148e-21
23.9285 0.0075537 -0.0396759 -0.00142261 -0.000847269 -9.64969e-05 7.16267e-05 0.000187223 -0.000158768 5.15323e-05 -1.06342e-21 -2.55284e-05 1.03012e-06 -2.62497e-05 3.78942e-08 5.40383e-05 5.56301e-21
24.0332 0.00744161 -0.0395668 -0.00138873 -0.000812146 -0.000111617 2.95736e-05 0.000222849 -7.36337e-05 -2.62918e-05 -6.34614e-23 1.29896e-05 -5.51834e-07 2.50639e-06 -4.838e-08 -5.1189e-06 -1.69071e-21
24.1379 0.00731202 -0.0394258 -0.00134576 -0.000792136 -3.68913e-05 5.94037e-05 6.82822e-05 -0.000127708 -7.31097e-05 1.36794e-21 3.6183e-05 -1.41637e-06 3.6208e-05 -2.5636e-08 -7.4485e-05 -4.3092e-21
24.2426 0.00728364 -0.0392009 -0.00134999 -0.000819133 -6.10537e-05 0.000120785 0.0001104 -0.000256339 -4.28098e-05 -1.0643e-21 2.12186e-05 -8.16675e-07 1.68108e-05 -4.31339e-09 -3.45668e-05 -3.94364e-21
24.3473 0.00731377 -0.0390567 -0.00138213 -0.000806243 2.10343e-05 4.27593e-05 -4.76915e-05 -8.61588e-05 5.98314e-06 -6.36266e-23 -2.97929e-06 1.92706e-07 -4.42423e-07 7.49874e-08 8.49443e-07 3.12796e-22
24.4521 0.00724307 -0.0390092 -0.00137083 -0.000745983 8.7903e-06 0.000111385 -2.81369e-05 -0.000227681 -2.793e-05 5.98256e-22 1.38437e-05 -5.15016e-07 1.66894e-05 5.48791e-08 -3.43092e-05 -1.44771e-21
24.5568 0.00722528 -0.0387618 -0.00137823 -0.000785927 -1.80995e-05 3.5426e-05 2.95101e-05 -7.54999e-05 3.11577e-06 6.1671e-23 -1.52773e-06 4.96864e-08 2.4401e-06 -9.19955e-09 -5.0179e-06 2.36135e-22
24.6615 0.00715874 -0.0386885 -0.00136572 -0.000738986 -1.6992e-05 6.02135e-05 2.82733e-05 -0.000125402 -1.56701e-05 7.42586e-23 7.76756e-06 -3.49408e-07 6.30983e-06 -4.12056e-08 -1.29299e-05 -1.204e-21
24.7662 0.00696444 -0.0384181 -0.00128541 -0.000785594 -8.8859e-05 -1.3522e-06 0.00017713 -7.15747e-06 4.50172e-05 3.46393e-22 -2.22319e-05 8.08697e-07 -1.47353e-05 -1.97071e-09 3.03144e-05 3.16866e-21
24.8709 0.00696526 -0.0382573 -0.0013031 -0.000785878 -2.7133e-05 2.49968e-05 4.95572e-05 -5.75022e-05 3.62922e-06 -4.95434e-22 -1.74193e-06 8.47172e-09 1.01063e-05 -5.70762e-08 -2.07807e-05 7.93047e-22
24.9757 0.006965 -0.0382382 -0.00132577 -0.000716606 -6.96249e-05 5.33581e-05 0.000133389 -0.000116911 1.05661e-05 2.96924e-22 -5.17123e-06 1.31496e-07 8.5545e-06 -7.03901e-08 -1.75233e-05 1.99419e-23
