0.0523599 0.0773729 -0.039117 0.0692212 0.00290085 0.00593983 0.0114504 0.0327702 -0.0143392 0.0218289 0.00649093 -0.0125544 -0.0018975 -0.00291436 0.00137456 0.0255424 -0.00587354
0.15708 0.104494 -0.063162 0.0661873 0.00516771 -0.00364893 0.0124549 0.0406642 -0.00851418 0.0119985 -0.00436284 -0.00639015 0.000481102 -5.11941e-05 -9.95544e-05 0.00590527 0.00275579
0.261799 0.120444 -0.0734094 0.0638057 0.00615621 -0.00602803 0.00943617 0.0370961 -0.000263486 0.00255992 0.00487055 -0.0014241 -0.00184694 -0.000879935 0.000910835 0.00388953 -0.00280427
0.366519 0.130405 -0.075603 0.0608989 0.00507616 -0.00712808 0.00873964 0.0344291 -0.00125183 0.00116623 0.000337194 -0.00111187 -0.000136491 -0.000699278 0.00024556 0.00375011 -0.000841784
0.471239 0.137177 -0.080234 0.0589428 0.00455297 -0.00899093 0.00587245 0.0346153 0.00382117 -0.000313632 -0.00253316 -0.000206547 0.000781118 -9.71658e-05 -0.000638124 0.00107397 0.00227383
0.575959 0.145326 -0.0846579 0.0559625 0.004279 -0.00792685 0.00366851 0.0283668 0.00681441 -0.000384706 0.00377699 5.62326e-05 -0.00108888 -0.000809082 0.00122073 0.00257258 -0.00450262
0.680678 0.146692 -0.0842863 0.0540261 0.00218655 -0.00758494 0.00371388 0.0269422 0.00474801 0.00381939 -0.000204922 -0.00146795 -0.000319588 0.000631427 -4.91359e-05 -0.00179622 0.0010302
0.785398 0.147721 -0.0892631 0.0525315 0.00135408 -0.00778805 0.00239608 0.0258148 0.00685672 -0.00196938 -0.00116591 0.00046819 0.000500021 -0.000715265 -0.000402888 0.00275767 0.00103782
0.890118 0.149609 -0.0920211 0.0505859 0.000228111 -0.00727757 0.00199464 0.0237176 0.00666566 0.000275762 0.000953955 -5.00494e-05 -0.000325667 8.7464e-06 0.000329727 -0.000155168 -0.0010656
0.994838 0.154027 -0.0944351 0.0472889 -0.000604345 -0.00648433 0.00106463 0.0192837 0.00697443 0.000109991 -0.000543032 -0.000137796 0.000138513 -0.000145535 -0.000243195 0.00064871 0.000852363
1.09956 0.152019 -0.0932241 0.0459535 -0.0031133 -0.00648882 0.00106929 0.0199472 0.00537796 0.00201131 -0.00107027 -0.00091334 0.000246897 0.000270214 -0.000243831 -0.000514045 0.00104709
1.20428 0.151559 -0.0962169 0.0439882 -0.00396825 -0.00528647 0.000359996 0.0162209 0.00619576 -0.00127786 0.00232365 0.000668493 -0.000780926 -0.000229726 0.00059791 0.000320129 -0.00201739
1.309 0.150107 -0.0985327 0.0428041 -0.00508927 -0.0058583 0.000363186 0.0176011 0.0059247 0.000208142 0.000527019 5.6523e-06 -0.000188252 0.000229985 0.000184324 -0.000860129 -0.000568744
1.41372 0.151135 -0.099982 0.0402933 -0.00588971 -0.00540358 -0.00112485 0.0151757 0.00838444 0.000426974 -0.000953785 -0.000233853 0.000292682 2.28336e-06 -0.000433724 0.000142335 0.00143404
1.51844 0.149034 -0.0982094 0.0384289 -0.00822822 -0.00348247 -0.000149826 0.0112306 0.00449542 -0.00085385 -0.000846354 0.000286271 0.000355343 -0.000267511 -0.000324359 0.000920219 0.000960398
1.62316 0.146954 -0.100287 0.0370529 -0.00912383 -0.00365864 0.00042738 0.0115478 0.003034 0.000275714 0.00103891 -3.58412e-05 -0.000431816 0.000152064 0.000242702 -0.000599468 -0.000694195
1.72788 0.144288 -0.100825 0.0358662 -0.0103609 -0.0043784 0.000143208 0.0131434 0.00325771 -0.000126434 -0.000653428 -2.42731e-06 0.000262287 -0.000134838 -0.00018026 0.000508588 0.000537907
1.8326 0.142428 -0.10268 0.0343596 -0.0109439 -0.00333069 2.99668e-05 0.0107483 0.00318182 -0.000420286 -0.000234495 0.000164616 0.000186407 -3.57327e-05 0.000285922 0.000106575 -0.00103385
1.93732 0.141143 -0.101973 0.0325367 -0.012274 -0.00382668 0.000416169 0.0114615 0.00181537 0.000360137 0.000165608 -0.000151604 -9.0407e-05 2.91092e-05 5.27097e-06 -7.16485e-05 2.89105e-05
2.04204 0.137575 -0.1021 0.0316515 -0.0134086 -0.0042486 -2.80357e-06 0.0125886 0.00218491 -0.000275795 0.000265788 0.000143252 -8.70271e-05 4.31531e-05 0.000118073 -0.000189555 -0.000393027
2.14675 0.13556 -0.104226 0.0302077 -0.0134103 -0.0034395 -0.000944243 0.0103879 0.00434425 0.000224971 0.000650411 -5.30072e-05 -0.000266874 0.000173729 0.000192352 -0.000592295 -0.000564829
2.25147 0.132057 -0.104261 0.0293255 -0.0143926 -0.00417006 -9.10148e-05 0.0123365 0.0021952 0.000600608 -0.000528345 -0.000298285 0.000237734 -1.3047e-05 0.000101148 0.000143402 -0.000343024
2.35619 0.130494 -0.108161 0.0278289 -0.0133994 -0.00329112 -0.00212379 0.00961493 0.00729682 0.000286932 0.000284537 -8.62166e-05 -0.000155822 0.000176019 -0.000163452 -0.00056827 0.000555527
2.46091 0.129244 -0.106063 0.0259816 -0.0149158 -0.0023266 -0.000604291 0.00746361 0.00287748 0.00093191 9.33377e-05 -0.000446021 -6.16574e-05 -0.000186082 5.77363e-05 0.000668423 -0.000118332
2.56563 0.125654 -0.106863 0.0253722 -0.015112 -0.00341126 -0.00151189 0.00995666 0.00513947 -0.000135149 -0.000341467 0.000110724 0.000153712 0.000376953 -8.50507e-05 -0.00118065 0.000199314
2.67035 0.124196 -0.106904 0.0236844 -0.0155029 -0.00201041 -0.00140082 0.006435 0.00446716 -0.000514184 8.59965e-05 0.000237295 -3.74089e-05 2.54513e-05 -8.0881e-05 -0.000126934 0.000233058
2.77507 0.121543 -0.108981 0.022619 -0.0152601 -0.00194651 -0.00104002 0.00622811 0.00364528 2.55361e-05 4.44663e-05 -4.2001e-05 -4.90483e-06 -0.000276175 0.000162917 0.000869391 -0.000496676
2.87979 0.120311 -0.108209 0.0211938 -0.0158492 -0.00221306 -0.000724355 0.00678577 0.00274184 0.000437507 -0.000661214 -0.000196638 0.000281566 0.000101762 -9.55953e-05 -0.000250901 0.000264516
2.98451 0.119055 -0.107132 0.019682 -0.0165008 -0.00185053 -0.000549778 0.00570916 0.00195409 -7.74507e-05 0.000454853 4.20125e-05 -0.000201362 1.76862e-05 6.44532e-05 -7.59631e-05 -0.000178243
3.08923 0.114694 -0.107377 0.019537 -0.0165808 -0.00268228 -0.000817007 0.00791914 0.00266851 0.000163305 -0.000189399 -7.50761e-05 8.74865e-05 4.55826e-06 3.20032e-05 8.95704e-06 -0.00010397
3.19395 0.114991 -0.107517 0.0174561 -0.016546 -0.00142198 -0.000956897 0.00443877 0.00287827 -0.000309901 0.000105807 0.000129442 -4.63377e-05 -0.000206825 6.59227e-06 0.000616229 -2.51323e-05
3.29867 0.110631 -0.106669 0.017347 -0.0170277 -0.0018739 -0.000391076 0.00587236 0.00131872 -0.000294791 -2.47965e-06 0.000143675 1.25138e-05 9.44748e-05 9.88091e-05 -0.000299458 -0.000307815
3.40339 0.109195 -0.106524 0.0161307 -0.0171059 -0.00222867 -0.000206045 0.00642808 0.000918317 0.000599821 0.00010209 -0.000275237 -4.66824e-05 -3.20783e-05 5.99827e-06 0.000127833 7.82746e-06
3.50811 0.106179 -0.10594 0.0156202 -0.0172721 -0.00260515 -0.000830449 0.00725042 0.00220216 -0.000281221 -0.000671866 0.000138754 0.000304974 0.000123858 -4.00255e-06 -0.000364501 -3.94466e-05
3.61283 0.105427 -0.106244 0.0142166 -0.0171358 -0.00168057 -0.000572393 0.00500159 0.00143558 5.46398e-05 -0.000223985 -2.48974e-05 8.36688e-05 2.8424e-06 -0.000254767 -5.60483e-07 0.000743927
3.71755 0.10156 -0.105849 0.0141418 -0.0171197 -0.00222032 -0.00102931 0.00637131 0.0024585 0.000473659 5.13144e-05 -0.000201573 -1.76357e-05 0.000133475 4.15776e-05 -0.000361593 -0.00010991
3.82227 0.100604 -0.107303 0.0128983 -0.0163343 -0.00153352 -0.00138454 0.00459231 0.00350052 -0.000122969 0.000110075 5.6728e-05 -4.25636e-05 2.73952e-05 0.000134495 -8.40822e-05 -0.000388981
3.92699 0.098999 -0.106968 0.0119717 -0.0163122 -0.00133324 -0.00108184 0.00404984 0.00269895 1.08713e-05 -0.000403766 -3.61963e-07 0.000172949 4.55912e-05 -0.000215295 -0.000123183 0.000607183
4.03171 0.0975825 -0.105838 0.0110432 -0.0166215 -0.00132185 -0.000336908 0.00397339 0.000787324 0.000207242 5.28782e-05 -8.93713e-05 -2.21321e-05 9.79635e-05 1.76381e-05 -0.000274702 -4.37765e-05
4.13643 0.096575 -0.105449 0.0100536 -0.0164509 -0.00120512 -0.00079288 0.003593 0.00196294 -2.25541e-05 4.69648e-05 6.67091e-06 -1.84879e-05 -9.56697e-05 8.21082e-05 0.000272032 -0.000234666
4.24115 0.0935002 -0.10386 0.00981683 -0.0168545 -0.00124661 -4.20065e-05 0.00366681 -6.20499e-05 3.18402e-05 -0.000183472 -8.35538e-06 8.48345e-05 6.21139e-05 1.55862e-05 -0.000173867 -4.82059e-05
4.34587 0.0917627 -0.104199 0.00918769 -0.0164252 -0.00162816 -0.000386815 0.004521 0.000821283 -0.000121767 0.000395979 5.72503e-05 -0.000186586 0.000136632 -5.2026e-05 -0.000396155 0.000156926
4.45059 0.089729 -0.10311 0.00870277 -0.0165378 -0.00141586 -0.000444512 0.0040042 0.000794789 -0.000145653 -0.000283059 6.7022e-05 0.000129503 -7.069e-05 3.52348e-05 0.000197335 -0.000109453
4.55531 0.0878225 -0.10346 0.00815242 -0.0160645 -0.00118824 -0.000284037 0.00348544 0.000461268 0.00030232 0.000315146 -0.000141385 -0.000148269 5.59146e-05 -0.000146687 -0.000150687 0.000420343
4.66003 0.0858089 -0.102075 0.00779286 -0.0163072 -0.00202135 8.92753e-05 0.0053897 -0.00049214 -0.000519759 -1.12581e-05 0.000233523 1.93944e-06 -3.73976e-05 5.60165e-05 7.90918e-05 -0.000158481
4.76475 0.0837224 -0.102739 0.00746292 -0.0156187 -0.00206571 -0.000643704 0.00555274 0.0012949 0.000253361 -8.33456e-05 -0.000110508 4.76707e-05 2.57683e-05 8.68812e-05 -5.19977e-05 -0.000235273
4.86947 0.0826786 -0.102339 0.00670699 -0.0153879 -0.00166463 -0.000731933 0.00452278 0.0015052 -0.000131027 -0.000200602 5.49271e-05 9.35927e-05 -0.000159119 6.80279e-05 0.000429381 -0.000188534
4.97419 0.0811159 -0.102188 0.00619992 -0.0150591 -0.00167125 -0.000923643 0.00446815 0.00192752 -0.000167273 -0.000141398 8.04686e-05 5.40296e-05 3.80518e-05 -0.000160734 -0.000108803 0.000425056
5.07891 0.0806288 -0.102102 0.00526497 -0.0146665 -0.000860988 -0.000868312 0.00250951 0.00191083 -5.09276e-05 -5.69407e-06 2.36856e-05 1.10414e-06 -5.51499e-06 8.27091e-05 1.31358e-05 -0.000229768
5.18363 0.0780892 -0.100659 0.00525794 -0.0148488 -0.00137754 -0.00062963 0.00363617 0.00120649 -2.86208e-05 0.000200299 7.3876e-06 -9.55933e-05 -5.04191e-05 -7.94029e-05 0.000134265 0.000217229
5.28835 0.0773899 -0.100947 0.00451687 -0.0143346 -0.000828227 -0.000818294 0.00238921 0.00166373 -0.000273444 -0.000452539 0.000138478 0.000203196 -1.07658e-05 -3.19141e-05 3.63424e-05 7.93347e-05
5.39307 0.0766687 -0.0988638 0.00385327 -0.0147983 -0.000539046 -0.000295144 0.00156774 0.00036995 0.000138455 8.68932e-05 -6.81537e-05 -3.6753e-05 -4.70766e-05 -2.35273e-06 0.000125407 5.1524e-06
5.49779 0.0741974 -0.098717 0.00392118 -0.0143778 -0.000811612 -8.87923e-05 0.00230827 -7.43485e-05 -2.11829e-05 4.64567e-05 8.01531e-06 -2.04684e-05 -2.01371e-05 2.28898e-05 5.2244e-05 -5.92848e-05
5.60251 0.0731606 -0.0972738 0.00341102 -0.0145536 -0.000771604 0.000210855 0.00202911 -0.00081672 0.000181453 0.000233553 -9.00958e-05 -0.000104855 2.78717e-05 -3.71672e-05 -7.3855e-05 0.000102721
5.70723 0.0698786 -0.0982137 0.00387383 -0.0137161 -0.00164299 -5.62064e-05 0.00425628 -0.00026566 -0.000232774 -0.000109276 9.10193e-05 3.89242e-05 -0.000203776 -0.000136755 0.000507245 0.000352436
5.81195 0.0704893 -0.0970455 0.00277136 -0.0137903 -0.00112378 0.000115118 0.00290076 -0.000580978 -1.95321e-05 -2.10543e-05 1.4754e-05 1.22898e-05 7.77837e-05 8.76398e-05 -0.00019976 -0.000226708
5.91667 0.0677792 -0.096598 0.00309709 -0.0134782 -0.00173579 -0.000351556 0.0043979 0.000412464 -0.0003323 -0.000232692 0.000153385 9.37236e-05 -3.20092e-05 -8.2012e-05 6.68783e-05 0.000200406
6.02139 0.0670865 -0.096347 0.00255988 -0.0131205 -0.00140934 -0.000412885 0.00361755 0.000639402 -0.000195551 4.31604e-05 8.6315e-05 -2.38824e-05 -5.11724e-05 8.69121e-06 0.000125318 -2.10378e-05
6.12611 0.0659599 -0.0961637 0.00220548 -0.0127258 -0.00114992 -0.000455292 0.00298131 0.000792965 0.000142907 0.000326689 -7.55367e-05 -0.000144828 -2.57576e-05 9.33366e-05 6.4381e-05 -0.000233995
6.23083 0.0654021 -0.0957168 0.00166 -0.0124804 -0.00101146 -0.000703612 0.00259042 0.00137184 4.82546e-05 -0.000294618 -1.2049e-05 0.000140671 -3.03232e-05 -3.66128e-05 8.66372e-05 9.87759e-05
6.33555 0.0637377 -0.0946568 0.00161649 -0.0124601 -0.00079107 -0.000142075 0.00206377 5.84745e-05 -0.000112992 0.000203339 4.572e-05 -9.74557e-05 -3.51935e-05 3.11272e-06 8.7361e-05 -7.97912e-06
6.44026 0.0625855 -0.0944323 0.00137001 -0.012106 -0.000950779 -0.000325178 0.00240278 0.000476255 -0.000224987 -7.68948e-05 0.000108886 2.97162e-05 9.58717e-05 3.65134e-05 -0.000245106 -9.47893e-05
6.54498 0.0621477 -0.0936615 0.000872788 -0.0120384 -0.000927332 -0.000256026 0.00230073 0.000273473 0.000103411 8.36521e-05 -5.22372e-05 -3.7194e-05 -5.20223e-05 -6.54023e-05 0.000131721 0.00016541
6.6497 0.060695 -0.0926764 0.000823587 -0.0119823 -0.0008854 -9.87714e-05 0.00217862 -9.72315e-05 -6.63886e-05 -2.68863e-05 3.41032e-05 8.9803e-06 8.70497e-05 -2.86389e-05 -0.000218828 7.15529e-05
6.75442 0.0592587 -0.092397 0.000794271 -0.0116458 -0.00103276 -0.000249472 0.00257509 0.000216812 -9.86145e-05 0.000239607 3.23253e-05 -0.000106783 -0.000178675 7.76742e-05 0.000439987 -0.000180917
6.85914 0.0587653 -0.0917424 0.000371193 -0.0114826 -0.000834022 -0.000230495 0.00208329 0.000229292 2.40814e-05 -3.83333e-06 -7.15015e-06 2.86362e-06 0.000122352 5.19596e-05 -0.000302775 -0.00012938
6.96386 0.0573023 -0.0910598 0.000375116 -0.0113086 -0.000891412 -7.70484e-05 0.00219127 -0.000131817 -0.000177351 -0.000132356 8.05079e-05 5.32799e-05 -0.000108397 -0.000117415 0.000263159 0.000288578
7.06858 0.0564592 -0.0910163 0.000136092 -0.0108874 -0.000808124 -0.000315004 0.00204981 0.000430313 0.000321791 -3.10193e-05 -0.00014539 2.28803e-05 9.03391e-05 5.31381e-06 -0.000216048 -1.39986e-05
7.1733 0.0558621 -0.0905977 -0.000215412 -0.0106177 -0.000465097 -0.00012337 0.00122865 8.52321e-05 -0.000114394 -8.89647e-05 5.74994e-05 3.80003e-05 -4.63572e-06 -4.19914e-06 1.47465e-05 9.2892e-06
7.27802 0.054728 -0.0891658 -0.000248997 -0.0108141 -0.000973491 0.000229869 0.00230644 -0.000790937 0.000262912 0.000228961 -0.000128843 -9.81964e-05 1.66904e-06 4.94414e-06 -4.5524e-07 -8.22179e-06
7.38274 0.0538712 -0.0890133 -0.000445591 -0.0104183 -0.000787382 -0.000225913 0.00189691 0.000298038 -0.000140396 -0.000215763 7.61312e-05 9.71949e-05 -2.6091e-05 -3.09361e-05 7.45303e-05 7.67741e-05
7.48746 0.0531024 -0.0885135 -0.000666205 -0.0102097 -0.000515573 1.33715e-05 0.00124151 -0.000215644 6.89673e-05 0.000172983 -4.00842e-05 -8.05211e-05 -1.4042e-05 1.73493e-05 2.84337e-05 -4.67863e-05
7.59218 0.0518835 -0.0870791 -0.000626127 -0.0104267 -0.00107727 0.000292403 0.0024042 -0.000967472 0.000112632 -0.000271278 -4.43328e-05 0.000128774 6.46201e-06 -3.31982e-05 -1.49673e-05 7.80528e-05
7.6969 0.0508861 -0.0872993 -0.000701014 -0.00988925 -0.000761726 -0.000186117 0.00180413 0.000140144 0.000110886 0.000120134 -5.58871e-05 -5.24675e-05 -1.87438e-05 5.29258e-06 4.58512e-05 -1.16561e-05
7.80162 0.0498813 -0.0867535 -0.000754342 -0.00971546 -0.000829479 9.90905e-05 0.00193365 -0.000525163 -6.39974e-05 0.000208536 2.99046e-05 -9.97903e-05 0.000132942 2.03018e-05 -0.000315405 -4.77261e-05
7.90634 0.0493575 -0.0863512 -0.000978018 -0.00945997 -0.000867276 -0.000238233 0.00206143 0.000289212 2.05559e-05 -1.27835e-05 -8.78958e-06 6.45683e-06 3.19384e-05 -1.35526e-05 -7.68567e-05 3.28625e-05
8.01106 0.0484229 -0.0859105 -0.00105432 -0.00924836 -0.000799043 -0.000267548 0.00186428 0.00032295 -0.000230618 -0.00012586 0.00011062 5.28412e-05 -6.96258e-05 2.97733e-05 0.000165201 -7.19574e-05
8.11578 0.0479043 -0.0849579 -0.00123414 -0.00925532 -0.000564588 -1.04399e-05 0.00135387 -0.000207621 -5.42652e-05 2.85388e-05 2.52428e-05 -1.56341e-05 3.40092e-05 -6.52207e-06 -8.15257e-05 1.5392e-05
8.2205 0.0467373 -0.0844688 -0.00116626 -0.00905203 -0.000837436 -2.67258e-06 0.00193755 -0.000255034 -7.54565e-05 1.28019e-05 3.5397e-05 -6.27627e-06 -3.27856e-06 6.09842e-05 8.02817e-06 -0.000144021
8.32522 0.0459046 -0.0843336 -0.00123526 -0.00869398 -0.000688142 -0.00019951 0.00163444 0.000217701 7.70827e-05 -0.000106953 -3.26923e-05 5.22149e-05 1.23961e-05 -1.79617e-05 -2.86847e-05 4.23334e-05
8.42994 0.0456277 -0.0837188 -0.00152266 -0.00858173 -0.000602303 -5.86477e-05 0.00140884 -5.50195e-05 2.37755e-05 7.8347e-05 -1.42843e-05 -3.64785e-05 -2.26544e-05 4.36031e-06 5.29516e-05 -1.13489e-05
8.53466 0.044867 -0.0829939 -0.00159048 -0.008504 -0.000592998 0.000106894 0.0013371 -0.000414609 6.04071e-05 0.000110178 -3.30382e-05 -5.02987e-05 -2.88241e-05 1.87839e-05 6.65409e-05 -4.615e-05
8.63938 0.0440639 -0.0825015 -0.00162371 -0.00834283 -0.000580336 2.20831e-05 0.00130847 -0.000262178 -4.61217e-05 -6.99472e-05 2.32197e-05 3.18675e-05 -3.55675e-05 7.79704e-06 8.3566e-05 -1.86391e-05
8.7441 0.0433715 -0.0818424 -0.00168268 -0.00824859 -0.000628148 0.000169084 0.00140411 -0.000583328 -4.38491e-05 -6.47814e-05 2.29582e-05 2.81007e-05 2.64988e-05 -2.56322e-05 -6.27473e-05 5.93065e-05
8.84882 0.0425304 -0.081802 -0.00168583 -0.00788632 -0.000855464 -2.37964e-05 0.0019441 -0.000180438 0.000381496 -3.20556e-05 -0.000177594 2.58549e-05 2.03226e-05 -5.40653e-06 -4.31447e-05 1.13941e-05
8.95354 0.0424214 -0.0808057 -0.00197983 -0.00796257 -0.000500422 -6.27429e-05 0.00111764 -3.82096e-05 5.44022e-05 0.000105052 -2.9917e-05 -4.74567e-05 5.96191e-05 4.93727e-05 -0.000144 -0.000115288
9.05826 0.0413539 -0.0801197 -0.00184058 -0.00788423 -0.000662207 0.000150837 0.00146417 -0.000547389 1.09965e-05 -3.11831e-05 -4.69654e-06 1.51313e-05 -1.53661e-05 1.03676e-07 3.55762e-05 -3.41264e-07
9.16298 0.0407745 -0.0798143 -0.00192612 -0.00764314 -0.000509241 -5.56435e-05 0.00114847 -5.73829e-05 4.5927e-05 -3.96627e-05 -2.03017e-05 1.99796e-05 1.25028e-05 -2.26945e-05 -2.89585e-05 5.32973e-05
9.2677 0.0400221 -0.0793428 -0.0019151 -0.00748597 -0.00053719 -1.73409e-05 0.00121639 -0.000149154 -0.000107708 -0.000128753 5.2156e-05 5.75313e-05 -0.000111229 -3.70367e-05 0.000256641 8.6231e-05
9.37242 0.0395378 -0.0789458 -0.00203305 -0.00730929 -0.000487808 0.000146403 0.00107606 -0.000491217 4.84987e-05 1.63608e-05 -2.21546e-05 -5.57334e-06 3.84757e-05 4.83358e-05 -8.83754e-05 -0.000111782
9.47714 0.039 -0.0785363 -0.00209714 -0.00713534 -0.00051046 -4.45346e-05 0.00115352 -6.47348e-05 -3.34316e-05 -5.60531e-06 1.60101e-05 1.22677e-06 -1.26814e-05 -3.45629e-05 2.99838e-05 7.99257e-05
9.58186 0.038457 -0.0777663 -0.00215495 -0.00712611 -0.000445219 0.000208618 0.000959535 -0.000600725 -8.91643e-05 7.89892e-05 3.99715e-05 -4.07178e-05 2.26552e-05 -1.13993e-05 -5.26279e-05 2.62025e-05
9.68658 0.0375464 -0.0776352 -0.00205054 -0.00682617 -0.000602327 2.12514e-05 0.00134027 -0.000215442 6.27007e-06 1.04808e-05 -3.41453e-06 -4.11116e-06 -1.76207e-05 4.31854e-05 4.05873e-05 -9.94038e-05
9.7913 0.0372101 -0.0770587 -0.00218128 -0.00675038 -0.000503959 2.72185e-05 0.0011177 -0.000211823 -0.000188094 -1.97509e-05 8.95448e-05 2.98119e-06 -6.15216e-05 -1.21581e-05 0.00014241 2.63878e-05
9.89602 0.0368731 -0.0766315 -0.00231996 -0.00661084 -0.000474007 0.000116221 0.00102561 -0.000385869 4.69554e-05 0.000102757 -2.64183e-05 -4.75089e-05 1.67905e-06 1.21261e-05 -6.02644e-06 -2.83362e-05
10.0007 0.0361357 -0.0757373 -0.00224389 -0.00667425 -0.000532115 0.000282768 0.00112017 -0.000773629 -3.88746e-05 -6.80561e-05 1.98945e-05 2.97195e-05 1.39787e-06 -5.27263e-05 -4.22461e-06 0.000120048
10.1055 0.0355111 -0.0753833 -0.00222838 -0.00650208 -0.000663848 9.72669e-05 0.0014271 -0.000388029 -2.47134e-05 -8.24395e-05 1.30547e-05 3.85062e-05 -4.76916e-05 -4.52158e-06 0.000108018 1.049e-05
10.2102 0.0349187 -0.0748953 -0.00222358 -0.00638886 -0.000573687 9.19172e-05 0.00122141 -0.000366214 0.00010907 2.7328e-05 -5.20008e-05 -9.48446e-06 1.57884e-05 1.80064e-05 -3.51464e-05 -4.13419e-05
10.3149 0.0342061 -0.0749281 -0.00217069 -0.00603961 -0.000500348 -2.9494e-06 0.00109893 -0.000149913 5.83545e-05 -3.08123e-05 -2.68232e-05 1.72372e-05 -2.31324e-05 4.15771e-05 5.31168e-05 -9.38462e-05
10.4196 0.0340409 -0.0741566 -0.00232402 -0.00609236 -0.000588862 8.04019e-05 0.00127241 -0.000344304 -2.04581e-05 -9.95009e-05 1.28536e-05 4.48239e-05 4.13317e-05 -4.41301e-05 -9.49146e-05 9.7349e-05
10.5243 0.0334991 -0.0740402 -0.00232434 -0.00581083 -0.000465437 -0.000148533 0.00105268 0.000192262 -7.96832e-05 -6.35112e-05 4.1081e-05 2.73789e-05 -2.97613e-05 -2.60936e-05 7.05849e-05 5.82644e-05
10.6291 0.0333678 -0.0733129 -0.00249816 -0.0058447 -0.000340803 -1.8852e-05 0.000736318 -6.65409e-05 2.6203e-05 3.30394e-05 -1.46673e-05 -1.4778e-05 2.38551e-05 3.53771e-05 -5.73709e-05 -8.01838e-05
10.7338 0.0327076 -0.0729176 -0.00243149 -0.00570387 -0.000267428 6.00579e-05 0.000571989 -0.000227966 -5.315e-05 -3.07766e-05 2.67084e-05 1.29531e-05 9.74005e-06 3.82961e-06 -2.13437e-05 -8.79016e-06
10.8385 0.0323478 -0.0723861 -0.00248498 -0.00564613 -0.000290859 4.65211e-05 0.000620569 -0.000197092 3.33452e-05 9.68956e-05 -1.95712e-05 -4.58577e-05 -3.38812e-05 -9.96282e-06 7.59002e-05 2.07659e-05
10.9432 0.0316293 -0.0717702 -0.00237301 -0.00562596 -0.00042975 0.000168972 0.000893282 -0.000504956 -0.000102497 -9.01638e-05 4.99136e-05 3.85432e-05 -5.56675e-06 -5.89447e-05 9.38546e-06 0.000131858
11.0479 0.0313274 -0.071672 -0.00245628 -0.00536669 -0.000231196 0.000103087 0.00049601 -0.000311055 1.62932e-05 -2.87521e-05 -6.93642e-06 1.43302e-05 -2.21943e-05 1.89389e-05 5.00288e-05 -4.30708e-05
11.1527 0.0309002 -0.0709871 -0.00246125 -0.00539536 -0.000373408 0.000211206 0.000772855 -0.000572563 4.35635e-05 5.61393e-05 -2.25406e-05 -2.55807e-05 -7.61197e-06 -9.78231e-06 1.74045e-05 2.19913e-05
11.2574 0.0303369 -0.07077 -0.00241283 -0.00519691 -0.000440076 0.000153432 0.000932867 -0.000450208 -6.41051e-05 3.97808e-06 3.02294e-05 -4.56477e-06 7.68507e-06 -4.58747e-05 -1.7813e-05 0.000102344
11.3621 0.0301526 -0.0702182 -0.00252456 -0.00516835 -0.000430898 0.000107311 0.000898948 -0.000332842 -0.000141157 -3.49327e-05 6.91693e-05 1.21925e-05 2.61778e-05 1.99963e-05 -5.80985e-05 -4.55494e-05
11.4668 0.0294274 -0.0698977 -0.00238212 -0.00502454 -0.000501132 -2.73819e-05 0.00107962 -7.26084e-05 5.98605e-05 -2.17043e-05 -2.84869e-05 1.18733e-05 -2.73217e-05 -2.12776e-05 6.05371e-05 4.73939e-05
11.5715 0.0294474 -0.0694335 -0.00258621 -0.00496892 -0.000272711 0.00010572 0.000558896 -0.000308468 2.54198e-05 0.000110328 -1.65348e-05 -5.23552e-05 -4.15575e-06 3.83324e-05 6.77073e-06 -8.70017e-05
11.6763 0.0287952 -0.0690151 -0.00246582 -0.0048775 -0.000405075 9.25836e-05 0.000853519 -0.000306715 6.04614e-05 6.66046e-05 -3.02491e-05 -3.01362e-05 4.18524e-05 1.10599e-05 -9.2728e-05 -2.47495e-05
11.781 0.0283499 -0.0684762 -0.0024283 -0.00485084 -0.000420593 -9.68305e-05 0.000910792 8.95449e-05 2.04001e-05 -5.73975e-05 -8.40922e-06 2.75685e-05 -1.00023e-05 -3.71024e-05 2.16023e-05 8.21868e-05
11.8857 0.0278977 -0.0680409 -0.00240178 -0.00476729 -0.00012864 6.89341e-05 0.000262481 -0.000219723 1.29419e-05 -3.49401e-05 -4.87765e-06 1.73297e-05 2.10448e-05 2.93442e-05 -4.71091e-05 -6.52046e-05
11.9904 0.0274928 -0.0679676 -0.00240647 -0.00453909 -0.000372172 0.000154041 0.000774042 -0.000424888 4.85026e-05 8.22773e-05 -2.54341e-05 -3.76677e-05 3.96625e-06 3.21671e-05 -8.71326e-06 -7.10712e-05
12.0951 0.0272336 -0.0673371 -0.00244203 -0.00457385 -0.000323067 0.000116564 0.000668664 -0.000346112 -4.89128e-05 -6.65637e-05 2.44979e-05 3.01521e-05 -2.08093e-05 -3.02942e-05 4.4836e-05 6.70316e-05
12.1999 0.0268841 -0.0672302 -0.00245413 -0.00435899 -0.000199012 3.33258e-05 0.000427324 -0.000146662 -2.57336e-05 9.46143e-06 1.22179e-05 -5.47805e-06 1.25904e-05 -3.59752e-05 -2.73559e-05 7.97354e-05
12.3046 0.0268779 -0.0666598 -0.00261397 -0.00437874 -0.000239415 0.000285735 0.000464293 -0.000668799 -5.97033e-05 1.38447e-05 2.82431e-05 -8.4195e-06 4.23765e-06 4.21142e-05 -1.01245e-05 -9.38693e-05
12.4093 0.0262784 -0.066196 -0.00248287 -0.00433264 -0.000425276 5.97183e-05 0.000890359 -0.000221776 0.00014878 6.17912e-05 -7.35398e-05 -2.52446e-05 -7.35504e-06 -9.99764e-06 1.58224e-05 2.24767e-05
12.514 0.0261572 -0.0657332 -0.00258569 -0.00430455 -0.00018501 0.000217837 0.000345837 -0.000528049 -9.10382e-05 7.83788e-06 4.26408e-05 -5.60461e-06 -5.81963e-05 1.41219e-05 0.000127663 -3.02117e-05
12.6187 0.0254887 -0.065517 -0.00242654 -0.00414365 -0.000405465 0.000172713 0.00083919 -0.000459945 3.90224e-05 2.77699e-05 -1.88994e-05 -1.27824e-05 5.33518e-05 -2.08129e-05 -0.000117152 4.52676e-05
12.7235 0.0253827 -0.0650519 -0.00252407 -0.00412244 -0.000360912 7.70691e-05 0.000739281 -0.000244443 7.31208e-06 -5.03571e-05 -2.23107e-06 2.42816e-05 -4.95927e-05 -8.86692e-06 0.000109538 1.91795e-05
12.8282 0.024801 -0.0646797 -0.00239491 -0.00404351 -0.000342967 6.38991e-05 0.000711328 -0.000225478 7.35687e-05 -2.22765e-05 -3.42391e-05 1.27881e-05 1.53053e-05 2.21625e-05 -3.28945e-05 -4.91341e-05
12.9329 0.0247747 -0.0642655 -0.00252473 -0.0040098 -0.000250288 6.73258e-05 0.000503935 -0.000217169 -1.19928e-05 0.000123688 1.57455e-06 -5.97191e-05 -4.61955e-05 -2.72217e-05 0.000101144 6.02204e-05
13.0376 0.0242897 -0.0637613 -0.00242739 -0.003999 -0.000234965 0.000143974 0.000471126 -0.000381494 4.50593e-06 -0.000163233 3.24361e-06 7.7861e-05 5.67899e-05 1.95028e-05 -0.000124627 -4.44556e-05
13.1423 0.0237856 -0.0635519 -0.002333 -0.00385392 -0.000329192 0.000132631 0.000680692 -0.000366505 5.62285e-05 5.21016e-05 -2.90667e-05 -2.37621e-05 -3.04126e-05 -3.28799e-05 6.61593e-05 7.21542e-05
13.247 0.0234586 -0.063353 -0.00232013 -0.00371224 -0.00028212 0.000130389 0.00058483 -0.000351236 -0.000146364 -1.71822e-06 7.07637e-05 -2.91409e-06 1.13698e-05 2.74823e-05 -2.4705e-05 -6.00646e-05
13.3518 0.0233011 -0.063068 -0.00237945 -0.00362229 -0.000359868 5.68417e-05 0.000753143 -0.000196073 2.22088e-05 1.67249e-05 -1.13358e-05 -7.30977e-06 9.08861e-07 2.29793e-05 -2.364e-06 -5.01442e-05
13.4565 0.0231314 -0.06266 -0.00242617 -0.00358914 -0.000250868 2.38809e-05 0.000520704 -0.000108354 -5.26598e-06 1.20632e-05 2.37651e-06 -6.01822e-06 -1.38376e-06 -1.42254e-05 3.46799e-06 3.10635e-05
13.5612 0.0229892 -0.0623193 -0.00248677 -0.00353152 -0.000198394 0.000117946 0.000396858 -0.000297543 5.39348e-05 8.20293e-06 -2.66003e-05 -2.02581e-06 9.79933e-07 -1.80683e-06 -2.86304e-06 4.84114e-06
13.6659 0.0228193 -0.0619021 -0.00252741 -0.00351049 -0.000134693 0.000103925 0.000258154 -0.000258381 9.59579e-06 -1.28632e-05 -4.10115e-06 6.4264e-06 -1.44765e-05 -3.14085e-06 3.20557e-05 6.60572e-06
13.7706 0.02219 -0.0614378 -0.00234793 -0.0035002 -0.000368506 0.000120622 0.000745796 -0.000333557 3.28641e-05 0.000129123 -1.8713e-05 -6.08588e-05 2.8078e-06 2.99975e-05 -4.67631e-06 -6.47343e-05
13.8754 0.0220454 -0.0613011 -0.00240096 -0.00335076 -0.000244431 -5.82993e-05 0.000512867 6.4546e-05 -3.85503e-05 -7.17031e-05 2.10393e-05 3.40918e-05 3.92839e-05 8.17528e-07 -8.4647e-05 -5.66032e-07
13.9801 0.0218224 -0.0608759 -0.00241054 -0.00334099 -0.000193577 9.72383e-05 0.000383595 -0.000260935 3.66931e-05 2.14844e-05 -1.87361e-05 -9.44253e-06 -2.74579e-05 -1.90748e-05 5.91924e-05 4.13078e-05
14.0848 0.021489 -0.0604632 -0.00236226 -0.00332158 -0.000216598 0.000101581 0.000431476 -0.000274957 1.48149e-05 1.29025e-05 -7.16403e-06 -6.19719e-06 2.23486e-05 -6.71531e-06 -4.80839e-05 1.39607e-05
14.1895 0.0213101 -0.0602236 -0.00239022 -0.00322761 -0.000124078 4.07462e-05 0.000247908 -0.000133106 1.78564e-05 4.10633e-05 -9.81101e-06 -1.89098e-05 -2.94733e-05 2.92003e-05 6.38898e-05 -6.28441e-05
14.2942 0.0209697 -0.0597704 -0.00233309 -0.00323043 -0.000117989 0.00013394 0.000224261 -0.000329624 5.51945e-06 -1.30731e-05 -1.57779e-06 6.09863e-06 4.38327e-05 1.15032e-05 -9.42628e-05 -2.55507e-05
14.399 0.0207971 -0.0595083 -0.00236119 -0.00315088 -0.000215766 0.000201443 0.000423328 -0.000470076 7.46856e-07 1.39456e-05 -7.37868e-07 -6.58136e-06 9.26658e-06 2.09603e-05 -2.03361e-05 -4.5362e-05
14.5037 0.0204871 -0.0591418 -0.00231751 -0.00312185 -0.000170659 0.000114437 0.000333766 -0.000290444 -4.71712e-05 -1.52556e-05 2.2503e-05 6.2129e-06 -3.12684e-05 -2.12432e-05 6.67093e-05 4.6365e-05
14.6084 0.0201879 -0.0590446 -0.00228495 -0.0029655 -0.000205892 8.93193e-05 0.000420733 -0.000238166 6.49218e-05 -3.15399e-05 -3.04641e-05 1.71387e-05 2.87705e-05 -2.09829e-05 -6.20337e-05 4.59399e-05
14.7131 0.0200828 -0.0585313 -0.00233115 -0.00301459 -0.000206476 0.000190762 0.000399107 -0.000444735 -2.79486e-05 -1.28001e-05 1.37953e-05 5.09053e-06 -1.00556e-06 -3.68637e-05 2.22467e-06 7.94476e-05
14.8178 0.0196921 -0.0583209 -0.00224637 -0.00291421 -0.000208361 9.43233e-05 0.000419552 -0.000248356 1.28735e-05 -0.000112818 -3.33917e-06 5.51432e-05 -8.22405e-06 1.97924e-05 1.76201e-05 -4.25255e-05
14.9226 0.0196067 -0.0579772 -0.00230105 -0.00289084 -0.000264388 0.000153987 0.000528846 -0.000375582 -0.000128289 7.12887e-05 6.01228e-05 -3.79335e-05 -1.44219e-05 -2.58705e-06 3.10071e-05 5.68201e-06
15.0273 0.0192975 -0.0576106 -0.00224645 -0.00286871 -0.000246883 8.36691e-05 0.000497533 -0.000225877 2.43844e-05 -8.76175e-05 -9.4686e-06 4.30164e-05 6.14319e-06 -1.02993e-05 -1.32558e-05 2.21987e-05
15.132 0.0191863 -0.0573689 -0.00228844 -0.00280161 -0.00018632 3.21898e-05 0.000376231 -0.000114554 5.32044e-05 7.98508e-05 -2.77949e-05 -3.71716e-05 -1.26034e-05 8.31774e-06 2.74512e-05 -1.77654e-05
15.2367 0.018933 -0.0571615 -0.00226197 -0.00270991 -0.00017869 7.6291e-05 0.000361613 -0.000201134 -6.2329e-05 -7.17522e-05 3.25228e-05 3.31629e-05 8.08536e-06 9.9244e-06 -1.6587e-05 -2.13888e-05
15.3414 0.0187898 -0.0567253 -0.00227818 -0.00273423 -0.000149189 3.57737e-05 0.000298192 -0.000110789 4.55726e-05 3.63421e-05 -2.33914e-05 -1.64531e-05 -1.79405e-05 6.69299e-06 3.79607e-05 -1.4619e-05
15.4462 0.0185638 -0.0565249 -0.00226204 -0.00264422 -6.75777e-05 3.77647e-05 0.000131 -0.000102972 -4.6782e-05 -3.40564e-05 2.43928e-05 1.56185e-05 2.14565e-05 -7.1967e-06 -4.43855e-05 1.63542e-05
15.5509 0.0183222 -0.0560356 -0.00222702 -0.00269468 -0.000129071 0.000168144 0.000240552 -0.000381902 -8.60995e-07 2.01516e-05 -1.61518e-07 -9.67873e-06 -5.89173e-06 1.80916e-05 1.25293e-05 -3.89239e-05
15.6556 0.0179859 -0.0557582 -0.00215565 -0.00264606 -0.000182669 0.00012701 0.00034995 -0.000309056 3.28847e-05 5.29839e-05 -1.66534e-05 -2.52793e-05 3.23884e-05 -5.76827e-06 -6.85766e-05 1.16041e-05
15.7603 0.0177475 -0.0557942 -0.00213281 -0.00245091 -0.000193446 7.48921e-05 0.000394315 -0.000198575 4.09529e-05 -8.53963e-06 -1.98474e-05 5.20302e-06 -3.31444e-05 -6.12598e-06 7.07637e-05 1.31445e-05
15.865 0.0177334 -0.0553323 -0.0022029 -0.00250099 -0.000143388 0.000105766 0.000277096 -0.000250676 1.58274e-05 2.18329e-05 -8.50272e-06 -9.96603e-06 2.39689e-05 2.4728e-05 -5.21537e-05 -5.25255e-05
15.9698 0.0175772 -0.0551117 -0.00221058 -0.00243815 -0.000160844 6.94738e-05 0.000317804 -0.000181595 -6.91844e-05 -1.16476e-05 3.41714e-05 3.92104e-06 2.70745e-05 9.77215e-06 -5.75309e-05 -2.07526e-05
16.0745 0.0173223 -0.0546989 -0.00216165 -0.00245879 -0.000109359 9.58656e-05 0.000207428 -0.000229259 -1.54361e-05 4.114e-05 6.2533e-06 -2.03108e-05 -2.79973e-05 -1.40678e-06 5.97559e-05 3.01351e-06
16.1792 0.0170732 -0.0545477 -0.0021245 -0.00236014 -0.00014625 0.000152294 0.000284098 -0.000350867 2.61058e-05 -2.9469e-05 -1.19446e-05 1.49263e-05 3.66383e-06 -1.33974e-05 -7.77279e-06 2.86414e-05
16.2839 0.0169948 -0.0541956 -0.00216057 -0.00236441 -0.000178496 6.5011e-05 0.000353448 -0.000168355 -1.15723e-05 -4.39587e-05 6.85485e-06 2.11e-05 -8.57944e-06 5.74767e-06 1.85797e-05 -1.22674e-05
16.3886 0.0168277 -0.0538773 -0.00215332 -0.00235288 -0.000128705 0.000121802 0.000244093 -0.000285128 -1.42597e-05 -1.42208e-07 6.6353e-06 -2.78711e-07 -1.58224e-05 -1.37344e-05 3.33372e-05 2.94063e-05
16.4934 0.0165715 -0.0536467 -0.00210379 -0.00229531 -0.000223337 6.46342e-05 0.000450677 -0.000172983 -1.60499e-05 -5.73348e-06 7.90167e-06 2.31685e-06 -1.60877e-05 6.92496e-06 3.43148e-05 -1.49444e-05
16.5981 0.016484 -0.0533724 -0.00213386 -0.00226686 -0.000102977 1.27051e-06 0.000204157 -2.73218e-05 9.4473e-06 7.05876e-06 -4.88578e-06 -2.64065e-06 3.22751e-05 -1.09243e-05 -6.90712e-05 2.45629e-05
16.7028 0.0161556 -0.0530956 -0.00204805 -0.00223315 -8.86235e-05 9.5718e-05 0.000165389 -0.000226382 -7.81596e-05 -5.92747e-06 3.78706e-05 1.04443e-06 -8.66058e-06 -1.65674e-05 1.80156e-05 3.55822e-05
16.8075 0.0160386 -0.05297 -0.00206583 -0.0021367 -0.000149212 1.86854e-05 0.000301474 -6.87111e-05 1.63224e-05 -9.19729e-06 -7.9073e-06 4.99446e-06 3.09131e-06 1.99892e-05 -6.99318e-06 -4.22908e-05
16.9122 0.0158964 -0.0526352 -0.00206317 -0.00214204 -7.77046e-05 6.18139e-05 0.000147502 -0.00015451 9.78895e-05 2.29212e-05 -4.81055e-05 -9.2915e-06 1.79931e-05 -2.14465e-05 -3.79963e-05 4.45999e-05
17.017 0.015737 -0.0522847 -0.0020492 -0.00215165 -4.84891e-05 8.64439e-05 8.51723e-05 -0.00019738 -9.86513e-05 -1.41809e-05 4.85971e-05 4.26337e-06 1.05233e-05 1.28533e-05 -2.20111e-05 -2.77622e-05
17.1217 0.0156141 -0.0521098 -0.00206256 -0.00208575 -0.000124587 0.00010502 0.00023601 -0.000244997 0.000108274 2.62014e-06 -5.2821e-05 1.05108e-06 -1.22131e-06 -7.28269e-06 2.61986e-06 1.47748e-05
17.2264 0.0154121 -0.0517661 -0.00202352 -0.00209574 -8.34696e-05 9.87929e-05 0.000156789 -0.000228651 1.82378e-05 1.00064e-07 -8.76464e-06 5.23604e-07 7.78751e-06 2.31794e-05 -1.64638e-05 -4.91252e-05
17.3311 0.0152266 -0.051541 -0.00200094 -0.00205153 -9.43755e-05 0.00014517 0.000173105 -0.000324521 -4.5339e-05 1.18482e-05 2.18916e-05 -6.75733e-06 4.59567e-06 7.03846e-06 -9.62805e-06 -1.47449e-05
17.4358 0.0150547 -0.0512867 -0.00198083 -0.00202438 -0.000150958 0.000151229 0.000289922 -0.000342645 -1.01021e-05 -1.04539e-05 4.79176e-06 5.07894e-06 -3.76896e-05 9.94458e-07 7.9528e-05 -1.72636e-06
17.5406 0.014903 -0.0511307 -0.00197132 -0.00195276 -0.000184465 5.51667e-05 0.000371757 -0.000147417 4.20943e-05 1.31351e-05 -2.09274e-05 -5.46219e-06 -1.01245e-05 -1.585e-05 2.13063e-05 3.35189e-05
17.6453 0.0147221 -0.0506953 -0.00194057 -0.00201284 -0.000145071 0.000156513 0.000273131 -0.000352794 -1.54605e-05 -3.63696e-05 7.77089e-06 1.6764e-05 -4.6436e-06 -5.22268e-05 8.69599e-06 0.000110194
17.75 0.0145453 -0.0506285 -0.00191881 -0.00190009 -0.000148258 5.1553e-05 0.000297438 -0.000135834 -7.62387e-06 -5.94536e-06 3.97192e-06 2.63351e-06 2.4554e-05 -1.48082e-05 -5.18335e-05 3.1227e-05
17.8547 0.0144575 -0.0503224 -0.00193382 -0.00190659 -0.000130828 0.00010644 0.000252845 -0.000247873 4.9165e-06 2.93878e-05 -2.74571e-06 -1.4241e-05 1.9773e-05 1.1575e-05 -4.12834e-05 -2.45949e-05
17.9594 0.0142669 -0.0501477 -0.00190038 -0.00184443 -0.000166457 9.99499e-06 0.000339345 -4.58486e-05 1.70818e-05 -5.48767e-05 -6.83883e-06 2.733e-05 -9.10155e-06 1.35154e-05 1.97251e-05 -2.82716e-05
18.0642 0.0141798 -0.0499056 -0.00191689 -0.00182413 -0.000103916 4.00999e-05 0.000202894 -0.00010495 5.31361e-05 -5.97392e-06 -2.56913e-05 4.15884e-06 3.05623e-05 7.55045e-07 -6.44507e-05 -1.56467e-06
18.1689 0.0140521 -0.0496486 -0.00190991 -0.0018092 -7.14827e-05 0.000111675 0.000130573 -0.000250025 -3.97057e-07 1.98797e-05 -4.1096e-07 -9.72262e-06 -1.46218e-05 -1.04424e-05 3.07342e-05 2.20332e-05
18.2736 0.013884 -0.0494082 -0.0018831 -0.00178533 -0.000142435 5.44414e-05 0.000282561 -0.000135756 -3.91197e-07 3.76766e-05 -7.46047e-07 -1.83064e-05 2.67974e-05 -4.50633e-06 -5.68078e-05 9.73881e-06
18.3783 0.0137819 -0.0492775 -0.00189149 -0.00171405 -2.99431e-05 -1.9468e-05 5.77576e-05 2.56201e-05 -1.96349e-05 -5.40468e-05 1.14264e-05 2.50625e-05 -2.64156e-05 2.55495e-05 5.67228e-05 -5.57584e-05
18.483 0.0136801 -0.0489308 -0.00189244 -0.00174562 -4.2932e-05 0.000147541 6.63707e-05 -0.000316667 -6.31724e-07 1.94697e-05 -7.62161e-08 -9.4353e-06 3.23395e-06 1.56805e-05 -6.7951e-06 -3.29937e-05
18.5878 0.0135199 -0.0486466 -0.00186515 -0.00175032 -0.000158321 0.000117261 0.000306356 -0.000268599 5.1302e-05 3.44612e-05 -2.55973e-05 -1.57496e-05 7.92405e-06 7.01677e-06 -1.62373e-05 -1.50856e-05
18.6925 0.0132549 -0.048468 -0.00179017 -0.00169798 -9.32076e-05 5.44952e-05 0.000179461 -0.000133291 2.3969e-05 -8.19857e-05 -1.0142e-05 4.03523e-05 -2.28035e-06 -2.00352e-05 4.22862e-06 4.1878e-05
18.7972 0.0133211 -0.0483366 -0.00187618 -0.00163765 -5.96661e-05 7.10897e-05 0.000108846 -0.000160821 -2.43607e-05 2.96494e-06 1.19117e-05 -1.97077e-06 1.48787e-05 1.60381e-05 -3.12686e-05 -3.36229e-05
18.9019 0.013084 -0.0480978 -0.00180951 -0.00162022 -0.000110135 2.96214e-05 0.000219281 -8.35518e-05 1.38563e-05 2.74541e-05 -7.41038e-06 -1.30679e-05 -9.32861e-06 4.29657e-06 1.9615e-05 -8.96545e-06
19.0066 0.0130311 -0.0477941 -0.00183088 -0.00163963 -4.31823e-05 0.000101906 7.15402e-05 -0.000223889 2.59782e-05 -5.28136e-05 -1.21569e-05 2.63209e-05 -3.62358e-05 -3.20037e-05 7.52368e-05 6.71663e-05
19.1114 0.0128414 -0.0475722 -0.00178645 -0.00161929 -0.000139459 7.81198e-05 0.000274187 -0.00018782 -1.96341e-05 -7.42199e-07 9.3521e-06 7.58564e-08 -2.05496e-05 -6.96361e-06 4.27956e-05 1.50228e-05
19.2161 0.0127327 -0.0473532 -0.00178025 -0.00159666 -5.7559e-05 5.36845e-05 0.000109471 -0.000125002 -4.00549e-05 7.0177e-06 1.94754e-05 -4.31368e-06 3.11174e-05 2.49571e-06 -6.546e-05 -5.11437e-06
19.3208 0.0125673 -0.0472388 -0.00175135 -0.00152516 -4.77388e-05 7.33158e-05 8.85404e-05 -0.000164058 2.03456e-05 -1.07785e-05 -9.79603e-06 5.75297e-06 -1.12663e-05 9.69993e-06 2.34888e-05 -2.03853e-05
19.4255 0.0125294 -0.047 -0.00177973 -0.00151936 -8.83151e-05 0.000125919 0.000163813 -0.000272973 -4.77662e-05 2.35397e-05 2.28404e-05 -1.2796e-05 -7.60722e-06 2.98793e-06 1.59785e-05 -6.73228e-06
19.5302 0.0123808 -0.0467452 -0.00175106 -0.00152017 -9.99795e-05 5.48695e-05 0.000193746 -0.000130938 -2.76859e-05 -2.10092e-05 1.40022e-05 9.68129e-06 1.18242e-06 -1.8358e-06 -2.51561e-06 3.90256e-06
19.635 0.0123528 -0.0465722 -0.00178312 -0.00148505 -4.77709e-05 5.02684e-05 8.74768e-05 -0.000114461 -8.96298e-06 -8.21046e-06 4.65555e-06 3.86189e-06 9.77425e-06 -4.88361e-06 -2.03304e-05 1.03785e-05
19.7397 0.0122254 -0.0463165 -0.00176411 -0.00148714 -4.09729e-05 9.66316e-05 6.83737e-05 -0.000207868 7.90681e-06 -3.62686e-05 -3.16019e-06 1.79591e-05 -3.48683e-05 1.02991e-05 7.30366e-05 -2.17305e-05
19.8444 0.012138 -0.0460693 -0.00176445 -0.00148969 -4.94972e-05 9.64816e-05 8.30869e-05 -0.000210123 8.4041e-05 3.98746e-05 -4.12568e-05 -1.82568e-05 4.8071e-05 1.25602e-05 -9.95476e-05 -2.74908e-05
19.9491 0.0119282 -0.0458732 -0.00170406 -0.00146272 -7.20141e-05 5.4921e-05 0.000137361 -0.000127421 -1.86923e-06 1.55438e-05 5.62894e-07 -7.62412e-06 -3.90031e-06 6.94265e-06 8.16723e-06 -1.45424e-05
20.0538 0.011785 -0.0457127 -0.00167961 -0.00142233 -5.62132e-05 0.000109008 9.90403e-05 -0.000237511 1.77463e-05 1.53172e-05 -9.21766e-06 -6.81509e-06 -3.5976e-05 9.16854e-06 7.516e-05 -1.87609e-05
20.1586 0.0117289 -0.0455212 -0.00169324 -0.00140186 -9.74703e-05 0.000103708 0.000185877 -0.000230162 9.68421e-06 1.79659e-05 -5.03292e-06 -8.71897e-06 1.80687e-05 -8.56113e-06 -3.76989e-05 1.77265e-05
20.2633 0.011671 -0.0453068 -0.00170506 -0.00139109 -7.33128e-05 7.29401e-05 0.000138801 -0.000161052 6.35503e-06 9.43504e-06 -3.37006e-06 -4.33611e-06 1.32059e-05 -2.50702e-06 -2.77835e-05 5.58796e-06
20.368 0.011463 -0.0450135 -0.00164198 -0.00141667 -0.000127636 6.013e-05 0.000248807 -0.000142659 -2.94704e-05 1.75196e-05 1.40338e-05 -9.12605e-06 -5.36571e-06 -1.34223e-06 1.12441e-05 3.01516e-06
20.4727 0.0112607 -0.0449413 -0.00158704 -0.00133577 -5.11975e-05 4.6514e-05 9.67861e-05 -0.000109979 -3.65373e-05 -4.8818e-05 1.86422e-05 2.30119e-05 2.74541e-06 -2.79042e-05 -6.25566e-06 5.81625e-05
20.5774 0.0112859 -0.0448157 -0.00164006 -0.00128859 -9.84191e-05 2.47962e-05 0.000196928 -6.46135e-05 -3.5403e-05 4.09097e-05 1.62027e-05 -2.11281e-05 1.25229e-05 -4.64729e-06 -2.67527e-05 9.07694e-06
20.6822 0.0112192 -0.044581 -0.00164572 -0.00129277 -4.97951e-05 5.92479e-06 9.57033e-05 -2.14075e-05 1.39415e-05 4.35832e-06 -6.61064e-06 -1.52531e-06 -1.29175e-07 -2.01771e-05 9.72956e-07 4.27752e-05
20.7869 0.011031 -0.0443971 -0.0015928 -0.00126992 -4.01576e-05 4.65924e-05 7.29324e-05 -0.000106793 5.51194e-05 1.39344e-05 -2.72704e-05 -5.69896e-06 -5.51435e-06 8.98269e-06 1.16057e-05 -1.88293e-05
20.8916 0.0110781 -0.0442124 -0.00165291 -0.00125588 -4.83101e-05 6.03223e-05 8.84967e-05 -0.000133006 -3.42295e-05 -1.91408e-06 1.69077e-05 2.10425e-07 1.81345e-05 6.51432e-06 -3.77387e-05 -1.35223e-05
20.9963 0.0109104 -0.0439637 -0.00160647 -0.00126694 -6.61488e-05 8.42326e-05 0.000122349 -0.000185613 -1.14076e-05 -5.27415e-06 5.36843e-06 2.80432e-06 -5.02726e-05 1.04022e-05 0.000104444 -2.0869e-05
21.101 0.0108281 -0.0437672 -0.001602 -0.00125567 -2.20962e-05 6.45889e-05 3.40055e-05 -0.000141127 -1.15452e-05 -7.22223e-05 7.00809e-06 3.51765e-05 -8.65815e-08 -3.80435e-07 -2.15339e-07 7.98062e-07
21.2058 0.010653 -0.0435539 -0.00155185 -0.00125093 -9.52248e-05 0.000104034 0.000181395 -0.00022932 -2.14206e-05 6.76382e-05 9.44545e-06 -3.33807e-05 7.45938e-06 2.74479e-05 -1.49153e-05 -5.69814e-05
21.3105 0.0105756 -0.0434831 -0.00155249 -0.00118079 -8.44985e-05 1.12309e-05 0.000169323 -3.66957e-05 -2.09775e-05 1.87014e-05 9.88888e-06 -9.71258e-06 2.8853e-06 -1.06777e-06 -6.05965e-06 2.0246e-06
21.4152 0.0105461 -0.0432331 -0.00157093 -0.00120035 -4.54923e-05 6.67761e-05 8.33855e-05 -0.000146733 -1.3341e-05 -2.0589e-05 6.96077e-06 9.85197e-06 -1.29747e-05 5.36574e-06 2.70261e-05 -1.11755e-05
21.5199 0.0103793 -0.0430666 -0.00152428 -0.00117526 -8.85265e-05 6.99842e-05 0.000172857 -0.000156564 4.14726e-05 -5.25036e-06 -2.03208e-05 3.60724e-06 4.13864e-06 3.23393e-06 -8.77944e-06 -6.37042e-06
21.6246 0.0103689 -0.0428444 -0.00155228 -0.00118289 -1.20661e-05 4.2118e-05 1.56554e-05 -9.08365e-05 -1.29052e-05 2.46392e-05 5.80817e-06 -1.25213e-05 -1.06968e-05 -6.47333e-06 2.23171e-05 1.31337e-05
21.7293 0.0101767 -0.0427325 -0.00149436 -0.0011336 -7.74129e-05 7.74441e-05 0.000148758 -0.000171114 -9.9698e-06 -2.7046e-05 5.46686e-06 1.30715e-05 8.3778e-07 -5.94268e-06 -1.68429e-06 1.2366e-05
21.8341 0.0101593 -0.0425595 -0.0015187 -0.00111937 -7.22078e-05 3.09265e-05 0.000141494 -7.36029e-05 2.38837e-05 -2.05877e-05 -1.13882e-05 1.10325e-05 1.33522e-05 5.65682e-06 -2.79428e-05 -1.08787e-05
21.9388 0.0100576 -0.042346 -0.00150078 -0.00112308 -4.23015e-05 5.17146e-05 7.74149e-05 -0.000114044 -4.60475e-05 2.59679e-05 2.20886e-05 -1.3775e-05 -8.50773e-06 -2.91499e-06 1.77415e-05 5.89244e-06
22.0435 0.00997353 -0.0421328 -0.00149081 -0.00112885 -6.14093e-05 5.11292e-05 0.000115508 -0.000115567 4.99052e-05 -7.40503e-06 -2.41752e-05 4.4041e-06 2.08375e-05 5.1788e-06 -4.30638e-05 -1.12931e-05
22.1482 0.00988422 -0.0420019 -0.0014802 -0.00109411 -4.36675e-05 4.8849e-05 8.02283e-05 -0.000108359 1.16971e-05 -1.09075e-05 -5.56871e-06 5.63695e-06 -1.03664e-05 6.31382e-06 2.14756e-05 -1.30735e-05
22.2529 0.00979917 -0.0418638 -0.00147056 -0.00106449 -3.94999e-05 3.35032e-05 7.41924e-05 -7.67723e-05 -2.32782e-05 -5.31535e-06 1.1595e-05 2.04741e-06 -1.35806e-05 -7.84049e-06 2.83352e-05 1.60618e-05
22.3577 0.00975225 -0.0416902 -0.00147878 -0.00105397 -3.37695e-05 7.06752e-05 5.86612e-05 -0.000151702 -4.23438e-07 2.78664e-05 -3.4424e-07 -1.37397e-05 5.39094e-07 -4.11604e-06 -1.08807e-06 8.49441e-06
22.4624 0.00965435 -0.0415113 -0.00146034 -0.00104584 -5.50158e-05 4.19422e-05 0.000105553 -9.58562e-05 2.55997e-05 -2.79693e-05 -1.20264e-05 1.42995e-05 4.44152e-07 1.90754e-06 -9.32637e-07 -3.89349e-06
22.5671 0.00962019 -0.0412913 -0.00147227 -0.00105886 -1.45062e-05 7.24863e-05 1.87026e-05 -0.000152593 -4.24961e-05 1.56709e-05 2.05509e-05 -8.50821e-06 -1.16683e-05 3.88108e-06 2.42355e-05 -7.98848e-06
22.6718 0.00945346 -0.041175 -0.00142172 -0.00102051 -7.75021e-05 8.62647e-05 0.000148673 -0.000189404 -3.5015e-05 -1.40892e-05 1.74495e-05 6.25008e-06 -7.97464e-06 -5.0701e-06 1.64908e-05 1.05478e-05
22.7765 0.00941921 -0.0410223 -0.00143407 -0.00100139 -7.38765e-05 3.28749e-05 0.000146023 -7.50466e-05 4.15337e-05 7.77422e-06 -2.11847e-05 -2.72412e-06 -1.00621e-05 7.4428e-06 1.96398e-05 -1.48678e-05
22.8813 0.00936199 -0.0407999 -0.00143361 -0.00101949 -2.01406e-05 3.27445e-05 3.38677e-05 -7.32176e-05 -3.7212e-05 -2.00376e-05 1.86503e-05 9.32891e-06 -1.29367e-05 1.38544e-05 2.67386e-05 -2.83365e-05
22.986 0.00925954 -0.0406649 -0.00141279 -0.000991819 -4.44615e-05 8.65894e-05 8.06761e-05 -0.00018275 1.32581e-05 5.79303e-06 -6.80394e-06 -2.54795e-06 -1.35863e-06 1.07424e-05 2.45002e-06 -2.22388e-05
23.0907 0.0091557 -0.0405301 -0.00139137 -0.000966709 -6.18229e-05 1.64765e-05 0.000120686 -4.21397e-05 1.74499e-06 1.92807e-05 -1.21567e-06 -9.31216e-06 2.00888e-05 -1.4462e-05 -4.15993e-05 3.02538e-05
23.1954 0.00916529 -0.0403268 -0.00142242 -0.000978196 -1.11806e-05 3.97929e-05 1.42635e-05 -8.418e-05 -2.26273e-05 -1.55319e-05 1.15191e-05 7.2389e-06 1.5112e-05 1.74093e-06 -3.1188e-05 -3.45937e-06
23.3001 0.0090188 -0.0401565 -0.00137853 -0.000970677 -5.37265e-05 6.94666e-05 9.79092e-05 -0.000150639 -3.88572e-06 1.05449e-05 1.67616e-06 -5.23432e-06 -4.92103e-06 -3.72816e-06 1.01611e-05 7.79469e-06
23.4049 0.0090084 -0.040113 -0.00140295 -0.000905985 -9.82865e-06 -2.08518e-05 1.80886e-05 3.72429e-05 3.10951e-05 7.17104e-06 -1.54398e-05 -3.08897e-06 1.26708e-05 -6.59322e-06 -2.61089e-05 1.32924e-05
23.5096 0.00888847 -0.0398829 -0.00136793 -0.000929478 -4.51577e-05 3.58025e-05 8.66969e-05 -8.26658e-05 -2.36928e-05 -1.51264e-05 1.19914e-05 6.97433e-06 -2.12691e-06 3.38443e-06 4.47697e-06 -7.04104e-06
23.6143 0.00881003 -0.0396497 -0.0013534 -0.00095537 -3.86824e-05 5.10209e-05 7.13833e-05 -0.000112254 8.19181e-06 -2.84881e-05 -3.48709e-06 1.41539e-05 3.94849e-06 1.89917e-06 -8.22005e-06 -3.97156e-06
23.719 0.00872353 -0.0395928 -0.00133934 -0.000896047 -3.18113e-05 4.52785e-05 6.07595e-05 -9.90763e-05 -1.97292e-06 2.25949e-05 2.47753e-07 -1.12126e-05 2.92289e-06 -1.73092e-06 -6.65373e-06 3.48732e-06
23.8237 0.00869655 -0.0394127 -0.00135214 -0.0008995 -4.81056e-05 6.71747e-05 8.9357e-05 -0.00014371 -3.48167e-06 1.07762e-05 1.49381e-06 -5.40266e-06 -3.40022e-06 -2.57814e-06 7.01887e-06 5.2759e-06
23.9285 0.00856912 -0.0391743 -0.00131191 -0.000929478 -5.68229e-05 6.40512e-05 0.000107577 -0.000139779 -7.59203e-06 -5.94063e-06 3.87347e-06 2.79392e-06 3.88747e-06 3.8016e-06 -8.01742e-06 -7.85855e-06
24.0332 0.0084933 -0.0391108 -0.00130224 -0.000875545 -6.45005e-05 2.82218e-05 0.000127371 -6.56113e-05 1.37338e-05 2.75739e-05 -7.36394e-06 -1.33283e-05 -3.12192e-06 -8.75907e-06 6.2807e-06 1.81106e-05
24.1379 0.00844617 -0.0389719 -0.00130451 -0.000860196 -2.8545e-05 3.05408e-05 5.31105e-05 -6.6847e-05 1.08034e-06 -1.00938e-06 -6.94431e-07 9.10924e-07 1.8523e-05 4.9681e-06 -3.86783e-05 -9.42727e-06
24.2426 0.00842283 -0.0388178 -0.00131812 -0.000854282 -3.07966e-05 4.75568e-05 5.44361e-05 -0.00010168 -1.56231e-05 -1.46133e-05 7.94242e-06 6.87003e-06 -2.02659e-05 -3.56782e-06 4.18462e-05 7.26508e-06
24.3473 0.00831811 -0.0386488 -0.0012899 -0.000853903 -1.99333e-05 6.2736e-05 3.18398e-05 -0.000133471 1.70462e-06 -3.78163e-06 -8.60221e-07 1.80962e-06 6.82282e-07 -1.13863e-05 -1.57255e-06 2.33924e-05
24.4521 0.00826393 -0.0384881 -0.00128644 -0.000851367 -6.08175e-05 5.35986e-05 0.000116055 -0.000117674 -6.0926e-06 -2.67964e-06 3.10988e-06 1.21334e-06 7.58596e-06 5.55954e-06 -1.55767e-05 -1.14885e-05
24.5568 0.00820712 -0.0383556 -0.00128269 -0.000835247 -3.81802e-05 5.46246e-05 6.94652e-05 -0.000117647 2.82423e-05 9.04765e-06 -1.41224e-05 -3.97075e-06 -8.75728e-06 -3.43442e-06 1.80343e-05 7.0085e-06
24.6615 0.00816015 -0.0382054 -0.00128174 -0.000829648 -6.4879e-05 5.08327e-05 0.000125812 -0.000112923 -3.61825e-05 -3.29347e-06 1.79379e-05 9.63396e-07 7.32981e-06 8.11988e-06 -1.50587e-05 -1.67563e-05
24.7662 0.00805701 -0.0380486 -0.00125382 -0.000824701 -5.58965e-05 1.52821e-05 0.000109704 -3.87996e-05 2.52316e-05 -5.59414e-06 -1.23169e-05 3.20695e-06 9.26475e-06 -9.84257e-06 -1.91306e-05 2.02941e-05
24.8709 0.00801495 -0.0379667 -0.00125713 -0.000786317 -4.94866e-05 1.40512e-05 9.83422e-05 -3.53391e-05 -5.88741e-06 -1.32807e-06 2.94095e-06 4.0596e-07 -2.43089e-06 1.93125e-06 5.03973e-06 -4.27067e-06
24.9757 0.0079462 -0.0377684 -0.00124474 -0.000804261 -1.47975e-05 6.21555e-05 2.23019e-05 -0.000130484 1.35682e-05 -1.26956e-05 -6.49105e-06 6.5529e-06 -1.07605e-05 6.99563e-06 2.21477e-05 -1.43888e-05
