0.0523599 -0.0545321 -0.00964981 0.0545321 0.00964981 0.00352227 0.0107041 -0.00352227 -0.0107041 0.0020252 0.00648491 -0.0020252 -0.00648491 -0.0121803 0.000918587 0.0121803 -0.000918587
0.15708 -0.0460011 -0.0223352 0.0460011 0.0223352 -0.00522595 0.0146508 0.00522595 -0.0146508 0.00451956 -0.00320544 -0.00451956 0.00320544 -0.00422591 -0.000585289 0.00422591 0.000585289
0.261799 -0.0367301 -0.0296671 0.0367301 0.0296671 -0.00756945 0.012762 0.00756945 -0.012762 -0.000221936 0.00412672 0.000221936 -0.00412672 -0.00253884 0.000119642 0.00253884 -0.000119642
0.366519 -0.0305637 -0.0286669 0.0305637 0.0286669 -0.00845021 0.0133005 0.00845021 -0.0133005 -0.00090105 0.000711295 0.00090105 -0.000711295 -0.00210096 2.02072e-05 0.00210096 -2.02072e-05
0.471239 -0.027285 -0.0319872 0.027285 0.0319872 -0.0108354 0.0112931 0.0108354 -0.0112931 -0.000620018 -0.00233154 0.000620018 0.00233154 -0.000284887 -0.000764604 0.000284887 0.000764604
0.575959 -0.0199202 -0.0341251 0.0199202 0.0341251 -0.00971499 0.00949938 0.00971499 -0.00949938 -0.00129147 0.00409341 0.00129147 -0.00409341 -0.00162617 0.00137116 0.00162617 -0.00137116
0.680678 -0.0181202 -0.0315355 0.0181202 0.0315355 -0.00933811 0.0097753 0.00933811 -0.0097753 0.0028089 -0.000484033 -0.0028089 0.000484033 0.0003288 -0.000387342 -0.0003288 0.000387342
0.785398 -0.0165469 -0.0335798 0.0165469 0.0335798 -0.00933958 0.00884553 0.00933958 -0.00884553 -0.00226582 -0.00104675 0.00226582 0.00104675 -0.00100888 -0.000554903 0.00100888 0.000554903
0.890118 -0.0140204 -0.0334332 0.0140204 0.0334332 -0.00873344 0.0087259 0.00873344 -0.0087259 0.000220539 0.000985615 -0.000220539 -0.000985615 -4.71255e-05 0.0003993 4.71255e-05 -0.0003993
0.994838 -0.00910282 -0.0334138 0.00910282 0.0334138 -0.00757466 0.00815974 0.00757466 -0.00815974 -0.000250048 -0.000640767 0.000250048 0.000640767 -0.000297316 -0.000425918 0.000297316 0.000425918
1.09956 -0.00974308 -0.0308488 0.00974308 0.0308488 -0.00777028 0.00818035 0.00777028 -0.00818035 0.00128276 -0.000980748 -0.00128276 0.000980748 -9.73791e-06 -0.00038784 9.73791e-06 0.00038784
1.20428 -0.00731063 -0.0315097 0.00731063 0.0315097 -0.0059588 0.00734765 0.0059588 -0.00734765 -0.000817383 0.0020944 0.000817383 -0.0020944 -6.63881e-05 0.000698973 6.63881e-05 -0.000698973
1.309 -0.00795209 -0.0312925 0.00795209 0.0312925 -0.00663753 0.00754951 0.00663753 -0.00754951 0.000505582 0.000510436 -0.000505582 -0.000510436 0.000391721 0.000288636 -0.000391721 -0.000288636
1.41372 -0.00550398 -0.0321483 0.00550398 0.0321483 -0.00612893 0.005807 0.00612893 -0.005807 0.000134564 -0.00113602 -0.000134564 0.00113602 -5.59746e-05 -0.00064676 5.59746e-05 0.00064676
1.51844 -0.00364618 -0.0283562 0.00364618 0.0283562 -0.0036046 0.00666197 0.0036046 -0.00666197 -0.000868924 -0.000878499 0.000868924 0.000878499 -0.000306104 -0.000419851 0.000306104 0.000419851
1.62316 -0.00392391 -0.0275743 0.00392391 0.0275743 -0.00350564 0.00742575 0.00350564 -0.00742575 0.000411584 0.000844468 -0.000411584 -0.000844468 0.000257102 0.000247968 -0.000257102 -0.000247968
1.72788 -0.0051709 -0.0270029 0.0051709 0.0270029 -0.00433041 0.00707817 0.00433041 -0.00707817 -0.000299625 -0.000573793 0.000299625 0.000573793 -0.000234153 -0.000221878 0.000234153 0.000221878
1.8326 -0.00392243 -0.0269703 0.00392243 0.0269703 -0.0029101 0.00676647 0.0029101 -0.00676647 -0.00022892 0.000360426 0.00022892 -0.000360426 -9.07853e-05 0.000592043 9.07853e-05 -0.000592043
1.93732 -0.00404905 -0.0250666 0.00404905 0.0250666 -0.00342541 0.00717494 0.00342541 -0.00717494 0.000211274 7.71984e-05 -0.000211274 -7.71984e-05 -6.26968e-06 -5.07005e-05 6.26968e-06 5.07005e-05
2.04204 -0.00543964 -0.0245413 0.00543964 0.0245413 -0.00388881 0.00658713 0.00388881 -0.00658713 -4.71133e-05 0.00030852 4.71133e-05 -0.00030852 0.00012406 0.000197329 -0.00012406 -0.000197329
2.14675 -0.00436533 -0.0259215 0.00436533 0.0259215 -0.00278688 0.00519382 0.00278688 -0.00519382 0.000392483 0.000586527 -0.000392483 -0.000586527 0.000269929 0.000240693 -0.000269929 -0.000240693
2.25147 -0.00609191 -0.0241279 0.00609191 0.0241279 -0.00344764 0.00615693 0.00344764 -0.00615693 0.000256033 -8.64299e-05 -0.000256033 8.64299e-05 -0.000218212 0.000215439 0.000218212 -0.000215439
2.35619 -0.00453307 -0.0279259 0.00453307 0.0279259 -0.00229988 0.00345966 0.00229988 -0.00345966 0.000394401 -0.000131462 -0.000394401 0.000131462 0.00032388 -0.00030212 -0.00032388 0.00030212
2.46091 -0.00312074 -0.024067 0.00312074 0.024067 -0.00100168 0.00509578 0.00100168 -0.00509578 0.000146542 0.00013583 -0.000146542 -0.00013583 -0.000479678 -5.22124e-05 0.000479678 5.22124e-05
2.56563 -0.00521603 -0.0250022 0.00521603 0.0250022 -0.00232717 0.00385364 0.00232717 -0.00385364 0.000501314 -0.000295528 -0.000501314 0.000295528 0.000636266 4.055e-05 -0.000636266 -4.055e-05
2.67035 -0.00321284 -0.0241684 0.00321284 0.0241684 -0.000474253 0.00368669 0.000474253 -0.00368669 -0.000201023 -8.17148e-05 0.000201023 8.17148e-05 0.000153884 -9.26197e-05 -0.000153884 9.26197e-05
2.77507 -0.00340446 -0.0242343 0.00340446 0.0242343 -6.99558e-05 0.00412963 6.99558e-05 -0.00412963 -0.000397831 0.000278551 0.000397831 -0.000278551 -0.000492985 0.000184991 0.000492985 -0.000184991
2.87979 -0.00339627 -0.0228929 0.00339627 0.0228929 -0.000482115 0.00441259 0.000482115 -0.00441259 0.000345317 -0.000452896 -0.000345317 0.000452896 5.79076e-05 -6.30303e-05 -5.79076e-05 6.30303e-05
2.98451 -0.00258612 -0.0215265 0.00258612 0.0215265 -6.29272e-05 0.00444131 6.29272e-05 -0.00444131 -6.08105e-06 0.000309653 6.08105e-06 -0.000309653 6.38562e-05 4.68463e-05 -6.38562e-05 -4.68463e-05
3.08923 -0.00491176 -0.0216157 0.00491176 0.0216157 -0.000986854 0.00390568 0.000986854 -0.00390568 8.19268e-05 -4.11212e-05 -8.19268e-05 4.11212e-05 -4.42003e-05 6.69073e-05 4.42003e-05 -6.69073e-05
3.19395 -0.00214111 -0.0213896 0.00214111 0.0213896 0.000541831 0.00352539 -0.000541831 -0.00352539 -0.000453125 6.86927e-05 0.000453125 -6.86927e-05 -0.000279586 -2.26473e-05 0.000279586 2.26473e-05
3.29867 -0.00408837 -0.0198834 0.00408837 0.0198834 0.000144353 0.00398867 -0.000144353 -0.00398867 2.58924e-06 0.000138857 -2.58924e-06 -0.000138857 0.000168393 0.000200155 -0.000168393 -0.000200155
3.40339 -0.00419859 -0.0192534 0.00419859 0.0192534 -0.000230053 0.00414232 0.000230053 -0.00414232 0.000234694 5.6863e-05 -0.000234694 -5.6863e-05 -0.000130363 -6.27953e-05 0.000130363 6.27953e-05
3.50811 -0.00525445 -0.0193283 0.00525445 0.0193283 -0.000721908 0.00319887 0.000721908 -0.00319887 4.68944e-05 -0.000323712 -4.68944e-05 0.000323712 0.000174403 0.000142122 -0.000174403 -0.000142122
3.61283 -0.0036268 -0.0188118 0.0036268 0.0188118 0.000414713 0.00340061 -0.000414713 -0.00340061 2.1149e-05 -0.000470943 -2.1149e-05 0.000470943 2.97857e-05 -0.000365053 -2.97857e-05 0.000365053
3.71755 -0.00538072 -0.0189117 0.00538072 0.0189117 -0.000202862 0.002618 0.000202862 -0.002618 0.000410797 8.022e-05 -0.000410797 -8.022e-05 0.000131846 4.37192e-05 -0.000131846 -4.37192e-05
3.82227 -0.0041052 -0.0199031 0.0041052 0.0199031 0.00067147 0.00205611 -0.00067147 -0.00205611 -1.63129e-05 0.000241363 1.63129e-05 -0.000241363 3.74129e-05 0.000204218 -3.74129e-05 -0.000204218
3.92699 -0.0037998 -0.0191275 0.0037998 0.0191275 0.00096047 0.00229929 -0.00096047 -0.00229929 6.32028e-05 -0.00049633 -6.32028e-05 0.00049633 7.58303e-05 -0.000264772 -7.58303e-05 0.000264772
4.03171 -0.00365494 -0.0174193 0.00365494 0.0174193 0.00100431 0.00309856 -0.00100431 -0.00309856 0.000235988 4.67831e-05 -0.000235988 -4.67831e-05 0.000121409 2.15179e-05 -0.000121409 -2.15179e-05
4.13643 -0.00319395 -0.0176266 0.00319395 0.0176266 0.000994608 0.00237538 -0.000994608 -0.00237538 -0.000142112 0.000139793 0.000142112 -0.000139793 -0.000150172 0.000101007 0.000150172 -0.000101007
4.24115 -0.00396952 -0.0157211 0.00396952 0.0157211 0.00110393 0.003057 -0.00110393 -0.003057 0.000102283 -6.86836e-05 -0.000102283 6.86836e-05 7.09283e-05 5.21973e-05 -7.09283e-05 -5.21973e-05
4.34587 -0.00448038 -0.016177 0.00448038 0.016177 0.000612796 0.00260868 -0.000612796 -0.00260868 0.00012767 0.000114615 -0.00012767 -0.000114615 0.000254471 -8.68884e-05 -0.000254471 8.68884e-05
4.45059 -0.00449313 -0.0155252 0.00449313 0.0155252 0.000820297 0.00234195 -0.000820297 -0.00234195 -0.000164738 -8.62565e-05 0.000164738 8.62565e-05 -0.000114081 8.15462e-05 0.000114081 -8.15462e-05
4.55531 -0.00441168 -0.0154374 0.00441168 0.0154374 0.00117883 0.00241505 -0.00117883 -0.00241505 0.00021683 -4.79272e-05 -0.00021683 4.79272e-05 9.74675e-05 -0.000257324 -9.74675e-05 0.000257324
4.66003 -0.00564109 -0.0141776 0.00564109 0.0141776 0.000161747 0.00281218 -0.000161747 -0.00281218 -0.000294406 6.756e-05 0.000294406 -6.756e-05 -1.81487e-06 0.000114442 1.81487e-06 -0.000114442
4.76475 -0.0060315 -0.0153259 0.0060315 0.0153259 5.42601e-05 0.00183857 -5.42601e-05 -0.00183857 0.000153452 7.56185e-05 -0.000153452 -7.56185e-05 -1.76957e-05 0.000114277 1.76957e-05 -0.000114277
4.86947 -0.00533757 -0.0151664 0.00533757 0.0151664 0.000490517 0.00159408 -0.000490517 -0.00159408 -0.000271344 -4.31817e-06 0.000271344 4.31817e-06 -0.000236132 9.79143e-05 0.000236132 -9.79143e-05
4.97419 -0.00539194 -0.0152506 0.00539194 0.0152506 0.000473053 0.00129186 -0.000473053 -0.00129186 -3.14122e-05 -0.000279966 3.14122e-05 0.000279966 8.67958e-05 -0.000187306 -8.67958e-05 0.000187306
5.07891 -0.00397602 -0.0151546 0.00397602 0.0151546 0.0014066 0.00119081 -0.0014066 -0.00119081 -3.01017e-05 0.000109607 3.01017e-05 -0.000109607 -1.63349e-05 0.000120949 1.63349e-05 -0.000120949
5.18363 -0.00514462 -0.0140769 0.00514462 0.0140769 0.000829484 0.00135913 -0.000829484 -0.00135913 -8.27289e-05 -6.79692e-06 8.27289e-05 6.79692e-06 -3.8364e-05 -0.000134211 3.8364e-05 0.000134211
5.28835 -0.00420664 -0.0144208 0.00420664 0.0144208 0.00141212 0.00106866 -0.00141212 -0.00106866 -0.000150346 -0.000263057 0.000150346 0.000263057 -2.44189e-05 1.47352e-05 2.44189e-05 -1.47352e-05
5.39307 -0.00354368 -0.0127289 0.00354368 0.0127289 0.00167786 0.00152169 -0.00167786 -0.00152169 6.63813e-06 4.15742e-05 -6.63813e-06 -4.15742e-05 -6.87949e-05 -2.6652e-05 6.87949e-05 2.6652e-05
5.49779 -0.0044941 -0.012455 0.0044941 0.012455 0.00142057 0.00164887 -0.00142057 -0.00164887 -3.59509e-05 5.21124e-05 3.59509e-05 -5.21124e-05 -2.51822e-05 2.50364e-05 2.51822e-05 -2.50364e-05
5.60251 -0.00426884 -0.0113736 0.00426884 0.0113736 0.00145047 0.00188937 -0.00145047 -0.00188937 0.000124254 6.59176e-05 -0.000124254 -6.59176e-05 4.49808e-05 -7.97056e-05 -4.49808e-05 7.97056e-05
5.70723 -0.00636663 -0.0121564 0.00636663 0.0121564 0.000519765 0.0016173 -0.000519765 -0.0016173 -0.00036506 -0.000224591 0.00036506 0.000224591 -0.000228275 -0.00018694 0.000228275 0.00018694
5.81195 -0.00480939 -0.0114111 0.00480939 0.0114111 0.000980802 0.00173292 -0.000980802 -0.00173292 8.93567e-05 9.9451e-05 -8.93567e-05 -9.9451e-05 8.95107e-05 0.000130731 -8.95107e-05 -0.000130731
5.91667 -0.00632075 -0.011733 0.00632075 0.011733 0.000222825 0.00111801 -0.000222825 -0.00111801 -0.000196567 -0.000214811 0.000196567 0.000214811 -1.46683e-05 -6.41547e-05 1.46683e-05 6.41547e-05
6.02139 -0.00570081 -0.0117531 0.00570081 0.0117531 0.000553826 0.000952682 -0.000553826 -0.000952682 -0.000158065 3.12185e-05 0.000158065 -3.12185e-05 -4.76428e-05 1.49049e-05 4.76428e-05 -1.49049e-05
6.12611 -0.00537672 -0.0117862 0.00537672 0.0117862 0.000856266 0.000804278 -0.000856266 -0.000804278 3.8343e-05 0.000276999 -3.8343e-05 -0.000276999 -3.23128e-05 8.13357e-05 3.23128e-05 -8.13357e-05
6.23083 -0.00491016 -0.0118904 0.00491016 0.0118904 0.000935622 0.000479524 -0.000935622 -0.000479524 -1.79931e-05 -0.00019311 1.79931e-05 0.00019311 -6.44071e-05 -3.7181e-05 6.44071e-05 3.7181e-05
6.33555 -0.00493838 -0.0107841 0.00493838 0.0107841 0.00124236 0.000979073 -0.00124236 -0.000979073 -9.94721e-05 0.000104164 9.94721e-05 -0.000104164 -2.22229e-05 -6.86912e-06 2.22229e-05 6.86912e-06
6.44026 -0.00514366 -0.0109396 0.00514366 0.0109396 0.00102656 0.000750615 -0.00102656 -0.000750615 1.025e-05 6.68078e-06 -1.025e-05 -6.68078e-06 0.000129318 8.36441e-05 -0.000129318 -8.36441e-05
6.54498 -0.00479124 -0.0105088 0.00479124 0.0105088 0.00097642 0.000832155 -0.00097642 -0.000832155 -1.46213e-05 -3.91288e-05 1.46213e-05 3.91288e-05 -5.91968e-05 -0.000104773 5.91968e-05 0.000104773
6.6497 -0.00494901 -0.00991457 0.00494901 0.00991457 0.00100978 0.000898742 -0.00100978 -0.000898742 7.45084e-05 -4.95003e-05 -7.45084e-05 4.95003e-05 0.00011761 -1.80598e-05 -0.00011761 1.80598e-05
6.75442 -0.00535466 -0.010013 0.00535466 0.010013 0.000797284 0.000691715 -0.000797284 -0.000691715 -0.000265206 0.000208574 0.000265206 -0.000208574 -0.000210334 5.99584e-05 0.000210334 -5.99584e-05
6.85914 -0.00486431 -0.00976578 0.00486431 0.00976578 0.000963882 0.000649132 -0.000963882 -0.000649132 0.000161198 6.07663e-05 -0.000161198 -6.07663e-05 0.000145461 8.02858e-05 -0.000145461 -8.02858e-05
6.96386 -0.00516358 -0.00933987 0.00516358 0.00933987 0.000908509 0.000747504 -0.000908509 -0.000747504 -0.000217515 -0.000206897 0.000217515 0.000206897 -0.000116808 -0.000139522 0.000116808 0.000139522
7.06858 -0.00503076 -0.00968408 0.00503076 0.00968408 0.000943866 0.000449866 -0.000943866 -0.000449866 0.00026523 -8.06099e-06 -0.00026523 8.06099e-06 8.73027e-05 -2.93377e-06 -8.73027e-05 2.93377e-06
7.1733 -0.00444964 -0.00939446 0.00444964 0.00939446 0.00133669 0.000581658 -0.00133669 -0.000581658 -6.35089e-05 -4.87363e-05 6.35089e-05 4.87363e-05 -6.24763e-06 8.23558e-06 6.24763e-06 -8.23558e-06
7.27802 -0.00510233 -0.00833835 0.00510233 0.00833835 0.000727307 0.000979588 -0.000727307 -0.000979588 0.000129445 0.000118127 -0.000129445 -0.000118127 -1.8899e-07 -2.87844e-05 1.8899e-07 2.87844e-05
7.38274 -0.0048742 -0.00890149 0.0048742 0.00890149 0.000868282 0.000392897 -0.000868282 -0.000392897 -0.000105596 -0.000144503 0.000105596 0.000144503 -4.10012e-05 -1.89243e-05 4.10012e-05 1.89243e-05
7.48746 -0.00448767 -0.00850032 0.00448767 0.00850032 0.00118998 0.000598802 -0.00118998 -0.000598802 1.97675e-05 0.00010872 -1.97675e-05 -0.00010872 -8.47278e-06 6.77143e-06 8.47278e-06 -6.77143e-06
7.59218 -0.00525056 -0.00751509 0.00525056 0.00751509 0.000536217 0.000930152 -0.000536217 -0.000930152 6.37407e-05 -0.000172242 -6.37407e-05 0.000172242 -1.47376e-05 -3.06101e-05 1.47376e-05 3.06101e-05
7.6969 -0.00501665 -0.00828731 0.00501665 0.00828731 0.000820799 0.000328109 -0.000820799 -0.000328109 3.18588e-05 6.55066e-05 -3.18588e-05 -6.55066e-05 -2.13546e-05 -1.1107e-05 2.13546e-05 1.1107e-05
7.80162 -0.00516172 -0.00779726 0.00516172 0.00779726 0.000762314 0.000629048 -0.000762314 -0.000629048 0.000123218 0.000125398 -0.000123218 -0.000125398 0.000176108 3.32833e-05 -0.000176108 -3.32833e-05
7.90634 -0.00507497 -0.00810617 0.00507497 0.00810617 0.000614922 0.000222429 -0.000614922 -0.000222429 4.79898e-05 -2.26667e-05 -4.79898e-05 2.26667e-05 3.85057e-05 -1.36726e-05 -3.85057e-05 1.36726e-05
8.01106 -0.00503922 -0.00801982 0.00503922 0.00801982 0.00068903 0.000162289 -0.00068903 -0.000162289 -0.000194818 -2.68068e-05 0.000194818 2.68068e-05 -8.41384e-05 5.16792e-05 8.41384e-05 -5.16792e-05
8.11578 -0.00465323 -0.00739323 0.00465323 0.00739323 0.000897907 0.00037565 -0.000897907 -0.00037565 1.32464e-05 6.21448e-06 -1.32464e-05 -6.21448e-06 4.68597e-05 -1.5895e-06 -4.68597e-05 1.5895e-06
8.2205 -0.00513611 -0.0072478 0.00513611 0.0072478 0.000592039 0.000376331 -0.000592039 -0.000376331 -4.08863e-05 7.71451e-05 4.08863e-05 -7.71451e-05 -6.23546e-06 7.72746e-05 6.23546e-06 -7.72746e-05
8.32522 -0.00501506 -0.00753728 0.00501506 0.00753728 0.000726102 0.000109756 -0.000726102 -0.000109756 5.23741e-05 -7.35881e-05 -5.23741e-05 7.35881e-05 5.06167e-06 -2.01152e-05 -5.06167e-06 2.01152e-05
8.42994 -0.00466489 -0.00720936 0.00466489 0.00720936 0.000791428 0.000248555 -0.000791428 -0.000248555 -1.45117e-05 4.44703e-05 1.45117e-05 -4.44703e-05 -2.29708e-05 -2.46785e-06 2.29708e-05 2.46785e-06
8.53466 -0.00464264 -0.00679167 0.00464264 0.00679167 0.00079862 0.000394909 -0.00079862 -0.000394909 -3.07829e-06 7.75038e-05 3.07829e-06 -7.75038e-05 -3.11163e-05 1.03064e-05 3.11163e-05 -1.03064e-05
8.63938 -0.00466771 -0.00674655 0.00466771 0.00674655 0.000777914 0.000286964 -0.000777914 -0.000286964 -6.38474e-05 -2.53101e-05 6.38474e-05 2.53101e-05 -4.57214e-05 1.21361e-05 4.57214e-05 -1.21361e-05
8.7441 -0.00470637 -0.00638246 0.00470637 0.00638246 0.000703364 0.000427927 -0.000703364 -0.000427927 9.26912e-06 -6.15246e-05 -9.26912e-06 6.15246e-05 3.21621e-05 -2.09071e-05 -3.21621e-05 2.09071e-05
8.84882 -0.00503932 -0.00669127 0.00503932 0.00669127 0.000422633 0.000240153 -0.000422633 -0.000240153 0.000209853 -2.06948e-05 -0.000209853 2.06948e-05 1.92528e-06 -2.90796e-05 -1.92528e-06 2.90796e-05
8.95354 -0.00434573 -0.00638314 0.00434573 0.00638314 0.000741661 0.000131059 -0.000741661 -0.000131059 9.7993e-05 0.000108716 -9.7993e-05 -0.000108716 7.21927e-05 5.57011e-05 -7.21927e-05 -5.57011e-05
9.05826 -0.00471653 -0.00592081 0.00471653 0.00592081 0.00056602 0.000346893 -0.00056602 -0.000346893 -1.20472e-05 -1.51634e-05 1.20472e-05 1.51634e-05 -2.06452e-05 -7.48086e-07 2.06452e-05 7.48086e-07
9.16298 -0.00451603 -0.00614091 0.00451603 0.00614091 0.000688484 8.10179e-05 -0.000688484 -8.10179e-05 3.69919e-05 -4.59062e-05 -3.69919e-05 4.59062e-05 1.2165e-05 -2.69577e-05 -1.2165e-05 2.69577e-05
9.2677 -0.00459991 -0.00599153 0.00459991 0.00599153 0.000638298 0.000106064 -0.000638298 -0.000106064 -0.000179956 -0.000106005 0.000179956 0.000106005 -0.000129748 -4.19576e-05 0.000129748 4.19576e-05
9.37242 -0.0044498 -0.00575335 0.0044498 0.00575335 0.000699817 0.000274897 -0.000699817 -0.000274897 6.78021e-05 6.32276e-05 -6.78021e-05 -6.32276e-05 3.86145e-05 5.63961e-05 -3.86145e-05 -5.63961e-05
9.47714 -0.00444179 -0.00589103 0.00444179 0.00589103 0.000617886 5.56238e-05 -0.000617886 -5.56238e-05 -3.14679e-05 -4.2274e-05 3.14679e-05 4.2274e-05 -1.05616e-05 -3.90923e-05 1.05616e-05 3.90923e-05
9.58186 -0.00431051 -0.00537094 0.00431051 0.00537094 0.000691062 0.000298744 -0.000691062 -0.000298744 -1.83293e-05 2.59451e-05 1.83293e-05 -2.59451e-05 3.67906e-05 -8.43136e-06 -3.67906e-05 8.43136e-06
9.68658 -0.00464834 -0.00563427 0.00464834 0.00563427 0.000495666 9.70718e-05 -0.000495666 -9.70718e-05 -1.68103e-05 5.44111e-05 1.68103e-05 -5.44111e-05 -2.44196e-05 4.74989e-05 2.44196e-05 -4.74989e-05
9.7913 -0.00440773 -0.00547799 0.00440773 0.00547799 0.000566165 8.65563e-05 -0.000566165 -8.65563e-05 -0.000163481 -2.28871e-05 0.000163481 2.28871e-05 -6.41248e-05 -5.93334e-06 6.41248e-05 5.93334e-06
9.89602 -0.0042353 -0.00530927 0.0042353 0.00530927 0.000590633 0.000179728 -0.000590633 -0.000179728 2.61201e-05 6.49275e-05 -2.61201e-05 -6.49275e-05 6.71197e-06 7.03376e-06 -6.71197e-06 -7.03376e-06
10.0007 -0.00436795 -0.00480401 0.00436795 0.00480401 0.000511097 0.000337495 -0.000511097 -0.000337495 -1.72582e-05 -9.30933e-05 1.72582e-05 9.30933e-05 4.31922e-06 -5.4974e-05 -4.31922e-06 5.4974e-05
10.1055 -0.00454855 -0.00495362 0.00454855 0.00495362 0.000326592 0.000143074 -0.000326592 -0.000143074 -6.55203e-05 -4.58543e-05 6.55203e-05 4.58543e-05 -5.85903e-05 -4.88555e-06 5.85903e-05 4.88555e-06
10.2102 -0.00446464 -0.00485571 0.00446464 0.00485571 0.0004081 0.000108135 -0.0004081 -0.000108135 7.14061e-05 3.40959e-05 -7.14061e-05 -3.40959e-05 1.3514e-05 1.39732e-05 -1.3514e-05 -1.39732e-05
10.3149 -0.0044818 -0.0051186 0.0044818 0.0051186 0.000483313 -1.17741e-05 -0.000483313 1.17741e-05 2.76696e-06 3.13655e-05 -2.76696e-06 -3.13655e-05 -3.50784e-05 4.23659e-05 3.50784e-05 -4.23659e-05
10.4196 -0.00438304 -0.00476559 0.00438304 0.00476559 0.000344424 9.78391e-05 -0.000344424 -9.78391e-05 3.68305e-05 -9.76008e-05 -3.68305e-05 9.76008e-05 4.61882e-05 -4.00933e-05 -4.61882e-05 4.00933e-05
10.5243 -0.00427722 -0.00511076 0.00427722 0.00511076 0.000440369 -0.000182927 -0.000440369 0.000182927 -7.43721e-05 -6.0287e-05 7.43721e-05 6.0287e-05 -3.436e-05 -2.45278e-05 3.436e-05 2.45278e-05
10.6291 -0.00392669 -0.00474858 0.00392669 0.00474858 0.000556879 -5.54459e-05 -0.000556879 5.54459e-05 4.14107e-05 5.60091e-05 -4.14107e-05 -5.60091e-05 2.68142e-05 3.95656e-05 -2.68142e-05 -3.95656e-05
10.7338 -0.00391952 -0.00460792 0.00391952 0.00460792 0.000637404 1.11436e-06 -0.000637404 -1.11436e-06 -1.57276e-05 -1.09702e-05 1.57276e-05 1.09702e-05 1.03488e-05 9.81619e-06 -1.03488e-05 -9.81619e-06
10.8385 -0.0038724 -0.00449063 0.0038724 0.00449063 0.000581181 -1.46633e-05 -0.000581181 1.46633e-05 -2.11529e-05 3.78363e-05 2.11529e-05 -3.78363e-05 -3.22778e-05 -1.90849e-05 3.22778e-05 1.90849e-05
10.9432 -0.00412257 -0.00416607 0.00412257 0.00416607 0.000430932 0.000120866 -0.000430932 -0.000120866 -5.54935e-05 -0.000110056 5.54935e-05 0.000110056 -1.59752e-06 -5.70924e-05 1.59752e-06 5.70924e-05
11.0479 -0.00382894 -0.00434815 0.00382894 0.00434815 0.000626159 2.29588e-05 -0.000626159 -2.29588e-05 -1.6625e-05 7.13433e-06 1.6625e-05 -7.13433e-06 -2.92157e-05 1.96597e-05 2.92157e-05 -1.96597e-05
11.1527 -0.00394317 -0.00400866 0.00394317 0.00400866 0.000457811 0.000153404 -0.000457811 -0.000153404 1.28885e-05 1.70166e-05 -1.28885e-05 -1.70166e-05 -5.87277e-06 -1.64456e-05 5.87277e-06 1.64456e-05
11.2574 -0.00406769 -0.00409728 0.00406769 0.00409728 0.000373458 9.0729e-05 -0.000373458 -9.0729e-05 -2.30706e-05 -4.88094e-05 2.30706e-05 4.88094e-05 1.54865e-05 -4.69361e-05 -1.54865e-05 4.69361e-05
11.3621 -0.00391175 -0.00401076 0.00391175 0.00401076 0.000350991 3.84608e-05 -0.000350991 -3.84608e-05 -4.11055e-05 5.02957e-06 4.11055e-05 -5.02957e-06 3.01356e-05 3.53116e-05 -3.01356e-05 -3.53116e-05
11.4668 -0.00413724 -0.00411688 0.00413724 0.00411688 0.000248513 -0.000110254 -0.000248513 0.000110254 -3.78201e-07 -3.40978e-05 3.78201e-07 3.40978e-05 -3.19723e-05 -2.93784e-05 3.19723e-05 2.93784e-05
11.5715 -0.00364291 -0.00389699 0.00364291 0.00389699 0.000487573 1.39764e-05 -0.000487573 -1.39764e-05 9.23108e-06 9.78118e-05 -9.23108e-06 -9.78118e-05 -6.31586e-07 3.81768e-05 6.31586e-07 -3.81768e-05
11.6763 -0.00389655 -0.00382402 0.00389655 0.00382402 0.000329332 2.15249e-06 -0.000329332 -2.15249e-06 7.58664e-05 4.52422e-05 -7.58664e-05 -4.52422e-05 4.79513e-05 1.00596e-05 -4.79513e-05 -1.00596e-05
11.781 -0.00393258 -0.00388423 0.00393258 0.00388423 0.000261706 -0.000208429 -0.000261706 0.000208429 -6.22613e-07 -6.91378e-05 6.22613e-07 6.91378e-05 -1.20408e-05 -4.16714e-05 1.20408e-05 4.16714e-05
11.8857 -0.00362381 -0.00364586 0.00362381 0.00364586 0.000586136 -8.45064e-05 -0.000586136 8.45064e-05 2.98391e-05 1.49447e-05 -2.98391e-05 -1.49447e-05 1.86759e-05 3.47015e-05 -1.86759e-05 -3.47015e-05
11.9904 -0.00386815 -0.00364107 0.00386815 0.00364107 0.000342857 4.49175e-05 -0.000342857 -4.49175e-05 2.83519e-05 7.60556e-05 -2.83519e-05 -7.60556e-05 5.21161e-06 3.05482e-05 -5.21161e-06 -3.05482e-05
12.0951 -0.00374059 -0.00349462 0.00374059 0.00349462 0.00035817 -1.98217e-06 -0.00035817 1.98217e-06 -4.64767e-05 -6.62329e-05 4.64767e-05 6.62329e-05 -2.26487e-05 -3.03941e-05 2.26487e-05 3.03941e-05
12.1999 -0.00358998 -0.00367295 0.00358998 0.00367295 0.000477464 -0.000105174 -0.000477464 0.000105174 7.41488e-07 -3.48754e-05 -7.41488e-07 3.48754e-05 1.80301e-05 -3.77675e-05 -1.80301e-05 3.77675e-05
12.3046 -0.00341154 -0.00325521 0.00341154 0.00325521 0.000441126 0.00017783 -0.000441126 -0.00017783 -2.45507e-05 5.33209e-05 2.45507e-05 -5.33209e-05 4.41508e-06 5.06578e-05 -4.41508e-06 -5.06578e-05
12.4093 -0.00372853 -0.00337779 0.00372853 0.00337779 0.000196963 -5.47076e-05 -0.000196963 5.47076e-05 6.58579e-05 1.96519e-05 -6.58579e-05 -1.96519e-05 -7.77587e-06 -2.28515e-05 7.77587e-06 2.28515e-05
12.514 -0.00332443 -0.00312186 0.00332443 0.00312186 0.000457424 9.16682e-05 -0.000457424 -9.16682e-05 -0.000108427 1.88866e-05 0.000108427 -1.88866e-05 -6.21234e-05 1.58233e-05 6.21234e-05 -1.58233e-05
12.6187 -0.00371415 -0.00318056 0.00371415 0.00318056 0.000213075 5.56572e-05 -0.000213075 -5.56572e-05 7.73803e-05 -8.75133e-06 -7.73803e-05 8.75133e-06 6.1106e-05 -2.16795e-05 -6.1106e-05 2.16795e-05
12.7235 -0.00352979 -0.00318211 0.00352979 0.00318211 0.000230074 -4.58917e-05 -0.000230074 4.58917e-05 -5.06679e-05 -3.44009e-05 5.06679e-05 3.44009e-05 -5.75972e-05 -1.24633e-05 5.75972e-05 1.24633e-05
12.8282 -0.0036236 -0.00313589 0.0036236 0.00313589 0.000237938 -7.49521e-05 -0.000237938 7.49521e-05 5.28747e-05 1.33577e-05 -5.28747e-05 -1.33577e-05 1.14395e-05 2.20759e-05 -1.14395e-05 -2.20759e-05
12.9329 -0.00335107 -0.00305852 0.00335107 0.00305852 0.000318651 -6.95775e-05 -0.000318651 6.95775e-05 -5.62342e-05 3.15812e-05 5.62342e-05 -3.15812e-05 -4.1132e-05 -3.63773e-05 4.1132e-05 3.63773e-05
13.0376 -0.00340048 -0.00285272 0.00340048 0.00285272 0.000324931 -4.13591e-06 -0.000324931 4.13591e-06 6.42091e-05 -5.90828e-05 -6.42091e-05 5.90828e-05 5.13877e-05 3.07254e-05 -5.13877e-05 -3.07254e-05
13.1423 -0.00358086 -0.00288459 0.00358086 0.00288459 0.000222136 -1.35796e-05 -0.000222136 1.35796e-05 -5.03823e-06 -9.83043e-06 5.03823e-06 9.83043e-06 -2.91129e-05 -4.32818e-05 2.91129e-05 4.32818e-05
13.247 -0.00352256 -0.00292004 0.00352256 0.00292004 0.000269351 -2.24955e-05 -0.000269351 2.24955e-05 -6.03152e-05 2.88108e-05 6.03152e-05 -2.88108e-05 1.40509e-05 3.96268e-05 -1.40509e-05 -3.96268e-05
13.3518 -0.00351356 -0.00297996 0.00351356 0.00297996 0.000167995 -8.45598e-05 -0.000167995 8.45598e-05 1.22172e-05 3.32033e-05 -1.22172e-05 -3.32033e-05 -1.59909e-07 2.35198e-05 1.59909e-07 -2.35198e-05
13.4565 -0.00331478 -0.00294372 0.00331478 0.00294372 0.000264824 -0.000130989 -0.000264824 0.000130989 -4.36013e-06 -9.43163e-06 4.36013e-06 9.43163e-06 1.53649e-07 -1.56948e-05 -1.53649e-07 1.56948e-05
13.5612 -0.00315839 -0.00280293 0.00315839 0.00280293 0.000319766 -3.05015e-05 -0.000319766 3.05015e-05 2.81909e-05 1.69811e-06 -2.81909e-05 -1.69811e-06 6.26595e-07 -5.64558e-06 -6.26595e-07 5.64558e-06
13.6659 -0.00301159 -0.0027368 0.00301159 0.0027368 0.000370534 -4.97908e-05 -0.000370534 4.97908e-05 -1.11358e-05 -9.64682e-06 1.11358e-05 9.64682e-06 -1.6827e-05 -4.55823e-06 1.6827e-05 4.55823e-06
13.7706 -0.00341139 -0.00259259 0.00341139 0.00259259 0.000117278 -2.06351e-05 -0.000117278 2.06351e-05 1.85814e-05 9.62572e-05 -1.85814e-05 -9.62572e-05 6.81062e-06 2.75466e-05 -6.81062e-06 -2.75466e-05
13.8754 -0.00320806 -0.0028454 0.00320806 0.0028454 0.000221176 -0.00021708 -0.000221176 0.00021708 2.2932e-05 -3.53672e-05 -2.2932e-05 3.53672e-05 3.92287e-05 7.03916e-06 -3.92287e-05 -7.03916e-06
13.9801 -0.00310036 -0.00259229 0.00310036 0.00259229 0.000280505 -5.61651e-05 -0.000280505 5.61651e-05 -1.11941e-05 -9.78169e-06 1.11941e-05 9.78169e-06 -2.80466e-05 -2.52778e-05 2.80466e-05 2.52778e-05
14.0848 -0.00313882 -0.00250071 0.00313882 0.00250071 0.000243953 -5.36847e-05 -0.000243953 5.36847e-05 3.12101e-05 -5.43571e-07 -3.12101e-05 5.43571e-07 2.49856e-05 -6.56976e-06 -2.49856e-05 6.56976e-06
14.1895 -0.00298526 -0.0025725 0.00298526 0.0025725 0.000326378 -0.000124165 -0.000326378 0.000124165 -2.28402e-05 5.16289e-05 2.28402e-05 -5.16289e-05 -3.22233e-05 2.75668e-05 3.22233e-05 -2.75668e-05
14.2942 -0.00299657 -0.00236837 0.00299657 0.00236837 0.000329865 -3.36814e-05 -0.000329865 3.36814e-05 4.95551e-05 6.13775e-06 -4.95551e-05 -6.13775e-06 4.5626e-05 1.5859e-05 -4.5626e-05 -1.5859e-05
14.399 -0.00303529 -0.00228701 0.00303529 0.00228701 0.000227449 5.04269e-05 -0.000227449 -5.04269e-05 1.04869e-05 2.94354e-05 -1.04869e-05 -2.94354e-05 9.49984e-06 2.30235e-05 -9.49984e-06 -2.30235e-05
14.5037 -0.00300223 -0.00231252 0.00300223 0.00231252 0.000256363 -4.75237e-05 -0.000256363 4.75237e-05 -5.65751e-05 -3.05889e-05 5.65751e-05 3.05889e-05 -3.17752e-05 -2.24674e-05 3.17752e-05 2.24674e-05
14.6084 -0.00305239 -0.00240988 0.00305239 0.00240988 0.000216992 -6.91985e-05 -0.000216992 6.91985e-05 6.30501e-05 -3.84824e-05 -6.30501e-05 3.84824e-05 2.93924e-05 -2.39205e-05 -2.93924e-05 2.39205e-05
14.7131 -0.00295513 -0.00216648 0.00295513 0.00216648 0.000211365 3.8749e-05 -0.000211365 -3.8749e-05 -1.50332e-05 -4.58258e-05 1.50332e-05 4.58258e-05 1.32614e-06 -3.8106e-05 -1.32614e-06 3.8106e-05
14.8178 -0.00302314 -0.00227769 0.00302314 0.00227769 0.000196032 -6.62405e-05 -0.000196032 6.62405e-05 -2.27075e-06 -3.49e-05 2.27075e-06 3.49e-05 -1.66394e-05 2.25453e-05 1.66394e-05 -2.25453e-05
14.9226 -0.00298437 -0.00215813 0.00298437 0.00215813 0.000131706 9.80355e-06 -0.000131706 -9.80355e-06 -7.91895e-05 3.25387e-05 7.91895e-05 -3.25387e-05 -8.60519e-06 1.58111e-06 8.60519e-06 -1.58111e-06
15.0273 -0.00299049 -0.00216555 0.00299049 0.00216555 0.000133495 -7.20447e-05 -0.000133495 7.20447e-05 1.87389e-05 -5.45529e-05 -1.87389e-05 5.45529e-05 2.02697e-06 -1.01555e-05 -2.02697e-06 1.01555e-05
15.132 -0.00285315 -0.00221508 0.00285315 0.00221508 0.000184556 -0.000123532 -0.000184556 0.000123532 1.27708e-05 4.85369e-05 -1.27708e-05 -4.85369e-05 -1.11075e-05 3.55509e-06 1.11075e-05 -3.55509e-06
15.2367 -0.00284258 -0.00218342 0.00284258 0.00218342 0.000193591 -7.9581e-05 -0.000193591 7.9581e-05 -2.26893e-05 -2.50593e-05 2.26893e-05 2.50593e-05 5.14488e-06 1.6127e-05 -5.14488e-06 -1.6127e-05
15.3414 -0.00275516 -0.00212335 0.00275516 0.00212335 0.000206221 -0.000124775 -0.000206221 0.000124775 3.78007e-06 2.53578e-05 -3.78007e-06 -2.53578e-05 -1.8457e-05 2.99708e-06 1.8457e-05 -2.99708e-06
15.4462 -0.00265847 -0.00214078 0.00265847 0.00214078 0.000289149 -0.000131713 -0.000289149 0.000131713 -1.19395e-06 -2.50796e-05 1.19395e-06 2.50796e-05 2.18718e-05 -3.65242e-06 -2.18718e-05 3.65242e-06
15.5509 -0.00271105 -0.0018691 0.00271105 0.0018691 0.000224806 7.32085e-06 -0.000224806 -7.32085e-06 -6.64245e-06 2.93615e-05 6.64245e-06 -2.93615e-05 -6.35796e-06 1.87451e-05 6.35796e-06 -1.87451e-05
15.6556 -0.0028119 -0.00187944 0.0028119 0.00187944 0.000163715 -3.19288e-05 -0.000163715 3.19288e-05 5.03872e-05 2.05504e-05 -5.03872e-05 -2.05504e-05 3.6861e-05 -6.52822e-06 -3.6861e-05 6.52822e-06
15.7603 -0.00283124 -0.00206545 0.00283124 0.00206545 0.000150539 -8.13127e-05 -0.000150539 8.13127e-05 -1.48318e-05 -1.07303e-05 1.48318e-05 1.07303e-05 -3.63867e-05 -1.07564e-05 3.63867e-05 1.07564e-05
15.865 -0.00266114 -0.00191749 0.00266114 0.00191749 0.000191273 -5.03136e-05 -0.000191273 5.03136e-05 3.38005e-05 3.69438e-05 -3.38005e-05 -3.69438e-05 2.53998e-05 2.65869e-05 -2.53998e-05 -2.65869e-05
15.9698 -0.00264195 -0.00195175 0.00264195 0.00195175 0.000164772 -7.96362e-05 -0.000164772 7.96362e-05 -5.78529e-06 4.4806e-06 5.78529e-06 -4.4806e-06 2.90017e-05 1.5934e-05 -2.90017e-05 -1.5934e-05
16.0745 -0.00259984 -0.00183067 0.00259984 0.00183067 0.000209669 -6.37523e-05 -0.000209669 6.37523e-05 -3.73924e-05 1.89761e-05 3.73924e-05 -1.89761e-05 -2.74535e-05 -3.23602e-06 2.74535e-05 3.23602e-06
16.1792 -0.00264855 -0.00180394 0.00264855 0.00180394 0.000176741 -1.30598e-07 -0.000176741 1.30598e-07 1.6844e-05 -2.88814e-05 -1.6844e-05 2.88814e-05 2.72367e-06 -1.48956e-05 -2.72367e-06 1.48956e-05
16.2839 -0.00261002 -0.00182616 0.00261002 0.00182616 0.000124262 -8.42728e-05 -0.000124262 8.42728e-05 -1.4969e-05 -1.5755e-05 1.4969e-05 1.5755e-05 -1.17106e-05 7.05805e-06 1.17106e-05 -7.05805e-06
16.3886 -0.00252861 -0.00171586 0.00252861 0.00171586 0.000173967 -2.74892e-05 -0.000173967 2.74892e-05 -2.36747e-05 -1.46802e-05 2.36747e-05 1.46802e-05 -1.56279e-05 -1.4975e-05 1.56279e-05 1.4975e-05
16.4934 -0.0026508 -0.00176382 0.0026508 0.00176382 6.48326e-05 -8.03687e-05 -6.48326e-05 8.03687e-05 -2.50346e-05 4.58868e-06 2.50346e-05 -4.58868e-06 -1.7619e-05 7.44855e-06 1.7619e-05 -7.44855e-06
16.5981 -0.00246368 -0.00180488 0.00246368 0.00180488 0.000177479 -0.000154678 -0.000177479 0.000154678 3.90331e-05 -8.71815e-06 -3.90331e-05 8.71815e-06 3.54208e-05 -1.09934e-05 -3.54208e-05 1.09934e-05
16.7028 -0.00250331 -0.00167323 0.00250331 0.00167323 0.000199202 -6.27942e-05 -0.000199202 6.27942e-05 -4.78415e-05 -2.06629e-05 4.78415e-05 2.06629e-05 -6.93996e-06 -1.43488e-05 6.93996e-06 1.43488e-05
16.8075 -0.00252427 -0.00179421 0.00252427 0.00179421 0.000127392 -0.000131742 -0.000127392 0.000131742 1.16091e-05 1.64638e-05 -1.16091e-05 -1.64638e-05 1.55368e-06 2.07302e-05 -1.55368e-06 -2.07302e-05
16.9122 -0.00241576 -0.00168769 0.00241576 0.00168769 0.000197639 -9.1434e-05 -0.000197639 9.1434e-05 6.75647e-05 -1.07607e-05 -6.75647e-05 1.07607e-05 1.97846e-05 -2.65414e-05 -1.97846e-05 2.65414e-05
17.017 -0.00236303 -0.00159409 0.00236303 0.00159409 0.000220434 -7.15029e-05 -0.000220434 7.15029e-05 -3.81199e-05 6.7117e-06 3.81199e-05 -6.7117e-06 1.12823e-05 1.95873e-05 -1.12823e-05 -1.95873e-05
17.1217 -0.00239904 -0.00158594 0.00239904 0.00158594 0.000144204 -3.82314e-05 -0.000144204 3.82314e-05 5.25524e-05 -6.00743e-06 -5.25524e-05 6.00743e-06 -2.63944e-06 -1.2874e-05 2.63944e-06 1.2874e-05
17.2264 -0.00236216 -0.00152423 0.00236216 0.00152423 0.000174911 -5.13287e-05 -0.000174911 5.13287e-05 1.7278e-05 2.44804e-05 -1.7278e-05 -2.44804e-05 6.60036e-06 2.41631e-05 -6.60036e-06 -2.41631e-05
17.3311 -0.00236556 -0.00146557 0.00236556 0.00146557 0.000166489 -2.10433e-06 -0.000166489 2.10433e-06 -1.77688e-05 1.32067e-05 1.77688e-05 -1.32067e-05 5.77318e-06 9.65063e-06 -5.77318e-06 -9.65063e-06
17.4358 -0.00241368 -0.00143041 0.00241368 0.00143041 0.000103572 1.06808e-05 -0.000103572 -1.06808e-05 -4.45773e-05 -4.31205e-06 4.45773e-05 4.31205e-06 -4.02473e-05 -6.39066e-07 4.02473e-05 6.39066e-07
17.5406 -0.00243503 -0.00155044 0.00243503 0.00155044 5.71277e-05 -8.25053e-05 -5.71277e-05 8.25053e-05 1.03214e-05 -1.01219e-05 -1.03214e-05 1.01219e-05 -9.82181e-06 -1.96877e-05 9.82181e-06 1.96877e-05
17.6453 -0.00238361 -0.00132924 0.00238361 0.00132924 9.86965e-05 1.50779e-05 -9.86965e-05 -1.50779e-05 -1.20538e-05 -7.2912e-05 1.20538e-05 7.2912e-05 -2.8731e-06 -5.40726e-05 2.8731e-06 5.40726e-05
17.75 -0.00239116 -0.00150389 0.00239116 0.00150389 8.57504e-05 -9.07604e-05 -8.57504e-05 9.07604e-05 2.19907e-05 -1.85154e-05 -2.19907e-05 1.85154e-05 2.66581e-05 -1.37787e-05 -2.66581e-05 1.37787e-05
17.8547 -0.00232178 -0.00139279 0.00232178 0.00139279 0.000102619 -3.21661e-05 -0.000102619 3.21661e-05 2.29836e-05 2.68459e-05 -2.29836e-05 -2.68459e-05 2.13704e-05 1.27271e-05 -2.13704e-05 -1.27271e-05
17.9594 -0.00237022 -0.00150445 0.00237022 0.00150445 5.3832e-05 -0.000131477 -5.3832e-05 0.000131477 -1.29452e-06 -1.32182e-05 1.29452e-06 1.32182e-05 -1.35744e-05 1.36886e-05 1.35744e-05 -1.36886e-05
18.0642 -0.00225686 -0.00145075 0.00225686 0.00145075 0.000118686 -0.000101119 -0.000118686 0.000101119 5.85123e-05 -2.19685e-06 -5.85123e-05 2.19685e-06 3.11546e-05 4.02279e-08 -3.11546e-05 -4.02279e-08
18.1689 -0.00219722 -0.00134623 0.00219722 0.00134623 0.000153622 -2.84311e-05 -0.000153622 2.84311e-05 -1.55013e-05 -1.05933e-06 1.55013e-05 1.05933e-06 -1.38842e-05 -1.21438e-05 1.38842e-05 1.21438e-05
18.2736 -0.00227089 -0.00137908 0.00227089 0.00137908 7.04672e-05 -8.21348e-05 -7.04672e-05 8.21348e-05 2.80622e-05 1.38839e-05 -2.80622e-05 -1.38839e-05 3.05025e-05 -3.96863e-06 -3.05025e-05 3.96863e-06
18.3783 -0.00212402 -0.00148967 0.00212402 0.00148967 0.000179968 -0.000164615 -0.000179968 0.000164615 -3.79881e-05 8.56745e-07 3.79881e-05 -8.56745e-07 -3.20066e-05 2.81886e-05 3.20066e-05 -2.81886e-05
18.483 -0.00209562 -0.00123963 0.00209562 0.00123963 0.000174512 9.17291e-06 -0.000174512 -9.17291e-06 3.07024e-06 2.61057e-05 -3.07024e-06 -2.61057e-05 3.46095e-06 1.64275e-05 -3.46095e-06 -1.64275e-05
18.5878 -0.00221281 -0.00121554 0.00221281 0.00121554 4.63692e-05 -9.76253e-06 -4.63692e-05 9.76253e-06 3.36082e-05 2.46734e-05 -3.36082e-05 -2.46734e-05 8.58381e-06 5.03827e-06 -8.58381e-06 -5.03827e-06
18.6925 -0.00220039 -0.00128778 0.00220039 0.00128778 0.000107506 -8.55661e-05 -0.000107506 8.55661e-05 9.83654e-06 -6.16399e-05 -9.83654e-06 6.16399e-05 -5.18026e-06 -2.10255e-05 5.18026e-06 2.10255e-05
18.7972 -0.00205031 -0.00130088 0.00205031 0.00130088 0.00014192 -6.12386e-05 -0.00014192 6.12386e-05 3.44051e-06 1.81987e-05 -3.44051e-06 -1.81987e-05 1.53174e-05 1.87178e-05 -1.53174e-05 -1.87178e-05
18.9019 -0.00214465 -0.0013126 0.00214465 0.0013126 8.16373e-05 -0.000101743 -8.16373e-05 0.000101743 -2.87222e-06 1.8135e-05 2.87222e-06 -1.8135e-05 -8.98411e-06 2.96448e-06 8.98411e-06 -2.96448e-06
19.0066 -0.0020187 -0.00118177 0.0020187 0.00118177 0.000151072 -3.11368e-05 -0.000151072 3.11368e-05 -2.4512e-05 -5.96963e-05 2.4512e-05 5.96963e-05 -3.87681e-05 -3.59644e-05 3.87681e-05 3.59644e-05
19.1114 -0.0021373 -0.0011802 0.0021373 0.0011802 4.56427e-05 -4.62168e-05 -4.56427e-05 4.62168e-05 -3.10822e-05 -7.84054e-06 3.10822e-05 7.84054e-06 -2.08269e-05 -7.69264e-06 2.08269e-05 7.69264e-06
19.2161 -0.00203266 -0.00119238 0.00203266 0.00119238 0.000123615 -8.00021e-05 -0.000123615 8.00021e-05 1.26419e-05 6.0146e-06 -1.26419e-05 -6.0146e-06 3.35047e-05 5.8911e-06 -3.35047e-05 -5.8911e-06
19.3208 -0.0020291 -0.00120606 0.0020291 0.00120606 0.000137391 -6.03054e-05 -0.000137391 6.03054e-05 -1.55733e-06 4.79162e-06 1.55733e-06 -4.79162e-06 -1.30418e-05 8.85311e-06 1.30418e-05 -8.85311e-06
19.4255 -0.00201077 -0.00112128 0.00201077 0.00112128 9.68077e-05 1.32054e-06 -9.68077e-05 -1.32054e-06 -3.17421e-05 1.50635e-05 3.17421e-05 -1.50635e-05 -6.40684e-06 4.77825e-06 6.40684e-06 -4.77825e-06
19.5302 -0.00202642 -0.00115348 0.00202642 0.00115348 7.3483e-05 -7.02364e-05 -7.3483e-05 7.02364e-05 -1.25275e-05 -1.24104e-05 1.25275e-05 1.24104e-05 7.82744e-07 -3.59066e-07 -7.82744e-07 3.59066e-07
19.635 -0.00191412 -0.00116322 0.00191412 0.00116322 0.000124168 -7.52142e-05 -0.000124168 7.52142e-05 5.65745e-06 -9.25991e-06 -5.65745e-06 9.25991e-06 1.01851e-05 -4.19736e-06 -1.01851e-05 4.19736e-06
19.7397 -0.00189661 -0.00107617 0.00189661 0.00107617 0.000131074 -2.86761e-05 -0.000131074 2.86761e-05 -3.24072e-05 -7.22746e-06 3.24072e-05 7.22746e-06 -3.8785e-05 9.29009e-06 3.8785e-05 -9.29009e-06
19.8444 -0.0018767 -0.00103829 0.0018767 0.00103829 0.00011848 -2.52083e-05 -0.00011848 2.52083e-05 9.14093e-05 3.35412e-05 -9.14093e-05 -3.35412e-05 4.98586e-05 1.19402e-05 -4.98586e-05 -1.19402e-05
19.9491 -0.00193892 -0.0010683 0.00193892 0.0010683 8.82874e-05 -6.88991e-05 -8.82874e-05 6.88991e-05 -4.99765e-06 1.49829e-05 4.99765e-06 -1.49829e-05 -3.72423e-06 6.96298e-06 3.72423e-06 -6.96298e-06
20.0538 -0.00192218 -0.0010192 0.00192218 0.0010192 0.000109838 -1.41826e-05 -0.000109838 1.41826e-05 -2.85839e-05 1.69939e-05 2.85839e-05 -1.69939e-05 -3.76682e-05 6.6056e-06 3.76682e-05 -6.6056e-06
20.1586 -0.00192503 -0.00101235 0.00192503 0.00101235 6.30627e-05 -1.20928e-05 -6.30627e-05 1.20928e-05 2.35855e-05 1.13062e-07 -2.35855e-05 -1.13062e-07 1.9969e-05 -8.64863e-06 -1.9969e-05 8.64863e-06
20.2633 -0.00186284 -0.00102426 0.00186284 0.00102426 8.13064e-05 -4.46574e-05 -8.13064e-05 4.46574e-05 1.69965e-05 1.91223e-06 -1.69965e-05 -1.91223e-06 1.43559e-05 -2.55359e-06 -1.43559e-05 2.55359e-06
20.368 -0.00195571 -0.000971038 0.00195571 0.000971038 1.99622e-05 -5.59257e-05 -1.99622e-05 5.59257e-05 -2.02826e-05 7.21768e-06 2.02826e-05 -7.21768e-06 -4.41155e-06 -6.97162e-07 4.41155e-06 6.97162e-07
20.4727 -0.00191513 -0.00103557 0.00191513 0.00103557 9.98344e-05 -7.77349e-05 -9.98344e-05 7.77349e-05 -1.50818e-05 -5.32894e-05 1.50818e-05 5.32894e-05 2.87616e-06 -2.68132e-05 -2.87616e-06 2.68132e-05
20.5774 -0.0018869 -0.00107846 0.0018869 0.00107846 4.76504e-05 -9.03494e-05 -4.76504e-05 9.03494e-05 -4.31277e-06 1.58415e-05 4.31277e-06 -1.58415e-05 1.58533e-05 -2.91554e-06 -1.58533e-05 2.91554e-06
20.6822 -0.00180546 -0.00106507 0.00180546 0.00106507 9.28565e-05 -0.000112066 -9.28565e-05 0.000112066 6.45366e-06 -1.91323e-05 -6.45366e-06 1.91323e-05 5.01425e-07 -2.20605e-05 -5.01425e-07 2.20605e-05
20.7869 -0.00182505 -0.00101281 0.00182505 0.00101281 0.000105223 -7.24013e-05 -0.000105223 7.24013e-05 2.16739e-05 1.63303e-05 -2.16739e-05 -1.63303e-05 -6.31437e-06 6.65086e-06 6.31437e-06 -6.65086e-06
20.8916 -0.00174621 -0.000988547 0.00174621 0.000988547 9.42328e-05 -5.11049e-05 -9.42328e-05 5.11049e-05 1.74601e-06 5.77115e-06 -1.74601e-06 -5.77115e-06 1.89371e-05 9.11042e-06 -1.89371e-05 -9.11042e-06
20.9963 -0.00178543 -0.000918926 0.00178543 0.000918926 7.42592e-05 -2.65983e-05 -7.42592e-05 2.65983e-05 -5.76978e-05 7.78703e-06 5.76978e-05 -7.78703e-06 -5.28869e-05 8.6193e-06 5.28869e-05 -8.6193e-06
21.101 -0.00172134 -0.000923294 0.00172134 0.000923294 0.000114847 -4.93191e-05 -0.000114847 4.93191e-05 -5.63244e-06 -3.6381e-05 5.63244e-06 3.6381e-05 -2.7585e-06 9.25403e-07 2.7585e-06 -9.25403e-07
21.2058 -0.00182242 -0.000852754 0.00182242 0.000852754 4.04161e-05 -4.44834e-06 -4.04161e-05 4.44834e-06 -3.24391e-06 6.20683e-05 3.24391e-06 -6.20683e-05 9.27779e-06 2.89519e-05 -9.27779e-06 -2.89519e-05
21.3105 -0.00179506 -0.000993335 0.00179506 0.000993335 4.47356e-05 -9.83487e-05 -4.47356e-05 9.83487e-05 -7.43266e-06 8.30256e-06 7.43266e-06 -8.30256e-06 4.11852e-06 -2.02822e-07 -4.11852e-06 2.02822e-07
21.4152 -0.00170797 -0.000891919 0.00170797 0.000891919 8.46521e-05 -4.18608e-05 -8.46521e-05 4.18608e-05 -2.01036e-05 -4.68877e-06 2.01036e-05 4.68877e-06 -1.44804e-05 5.78716e-06 1.44804e-05 -5.78716e-06
21.5199 -0.00177802 -0.000882464 0.00177802 0.000882464 3.94517e-05 -3.69378e-05 -3.94517e-05 3.69378e-05 2.50368e-05 5.65405e-07 -2.50368e-05 -5.65405e-07 3.52892e-06 1.71136e-06 -3.52892e-06 -1.71136e-06
21.6246 -0.00164701 -0.00088176 0.00164701 0.00088176 0.000112236 -6.92563e-05 -0.000112236 6.92563e-05 -1.75525e-05 5.73607e-06 1.75525e-05 -5.73607e-06 -9.71336e-06 -6.80857e-06 9.71336e-06 6.80857e-06
21.7293 -0.0017529 -0.000863635 0.0017529 0.000863635 4.91892e-05 -2.86538e-05 -4.91892e-05 2.86538e-05 -4.12458e-06 -1.96378e-05 4.12458e-06 1.96378e-05 1.19774e-07 -5.42672e-06 -1.19774e-07 5.42672e-06
21.8341 -0.00170156 -0.000902617 0.00170156 0.000902617 4.81472e-05 -7.36445e-05 -4.81472e-05 7.36445e-05 2.58262e-05 -4.83722e-06 -2.58262e-05 4.83722e-06 1.2603e-05 5.30646e-06 -1.2603e-05 -5.30646e-06
21.9388 -0.00166507 -0.000852019 0.00166507 0.000852019 7.78765e-05 -5.46819e-05 -7.78765e-05 5.46819e-05 -3.17884e-05 9.99857e-06 3.17884e-05 -9.99857e-06 -7.17783e-06 -1.74559e-06 7.17783e-06 1.74559e-06
22.0435 -0.00167134 -0.000820515 0.00167134 0.000820515 5.52029e-05 -5.23438e-05 -5.52029e-05 5.23438e-05 4.63265e-05 1.93828e-06 -4.63265e-05 -1.93828e-06 2.04755e-05 4.63904e-06 -2.04755e-05 -4.63904e-06
22.1482 -0.00164409 -0.00083424 0.00164409 0.00083424 7.28289e-05 -5.54296e-05 -7.28289e-05 5.54296e-05 -4.86817e-06 1.08413e-06 4.86817e-06 -1.08413e-06 -1.16067e-05 5.71738e-06 1.16067e-05 -5.71738e-06
22.2529 -0.00162996 -0.000856036 0.00162996 0.000856036 7.48242e-05 -7.01171e-05 -7.48242e-05 7.01171e-05 -2.57197e-05 -1.06514e-05 2.57197e-05 1.06514e-05 -1.37985e-05 -7.66305e-06 1.37985e-05 7.66305e-06
22.3577 -0.00159265 -0.000806235 0.00159265 0.000806235 8.19876e-05 -3.02713e-05 -8.19876e-05 3.02713e-05 3.25862e-07 9.65437e-06 -3.25862e-07 -9.65437e-06 1.8508e-06 -4.51594e-06 -1.8508e-06 4.51594e-06
22.4624 -0.00161275 -0.000818704 0.00161275 0.000818704 5.52432e-05 -5.71442e-05 -5.52432e-05 5.71442e-05 1.3226e-05 -1.19939e-05 -1.3226e-05 1.19939e-05 -1.01546e-06 1.2344e-06 1.01546e-06 -1.2344e-06
22.5671 -0.00153473 -0.000753659 0.00153473 0.000753659 9.57881e-05 -2.80217e-05 -9.57881e-05 2.80217e-05 -3.32571e-05 1.17881e-05 3.32571e-05 -1.17881e-05 -1.12266e-05 5.00188e-06 1.12266e-05 -5.00188e-06
22.6718 -0.00163205 -0.000750592 0.00163205 0.000750592 3.25867e-05 -8.94037e-06 -3.25867e-05 8.94037e-06 -2.56665e-05 -1.22814e-05 2.56665e-05 1.22814e-05 -8.21175e-06 -4.0842e-06 8.21175e-06 4.0842e-06
22.7765 -0.00159714 -0.000803885 0.00159714 0.000803885 3.00775e-05 -6.34767e-05 -3.00775e-05 6.34767e-05 1.09103e-05 1.12921e-05 -1.09103e-05 -1.12921e-05 -1.03018e-05 5.24221e-06 1.03018e-05 -5.24221e-06
22.8813 -0.00151984 -0.000765518 0.00151984 0.000765518 8.20476e-05 -6.54538e-05 -8.20476e-05 6.54538e-05 -3.18656e-05 4.13234e-06 3.18656e-05 -4.13234e-06 -1.4404e-05 1.52866e-05 1.4404e-05 -1.52866e-05
22.986 -0.00154513 -0.000715167 0.00154513 0.000715167 6.08144e-05 -9.30062e-06 -6.08144e-05 9.30062e-06 5.38998e-06 1.39727e-05 -5.38998e-06 -1.39727e-05 -1.61344e-06 1.04857e-05 1.61344e-06 -1.04857e-05
23.0907 -0.00156821 -0.000789375 0.00156821 0.000789375 3.75433e-05 -7.8936e-05 -3.75433e-05 7.8936e-05 2.15982e-05 -5.47552e-06 -2.15982e-05 5.47552e-06 2.21995e-05 -1.45289e-05 -2.21995e-05 1.45289e-05
23.1954 -0.00146187 -0.000737227 0.00146187 0.000737227 8.78321e-05 -5.60172e-05 -8.78321e-05 5.60172e-05 4.26499e-06 -6.02392e-06 -4.26499e-06 6.02392e-06 1.51556e-05 3.40601e-06 -1.51556e-05 -3.40601e-06
23.3001 -0.00152944 -0.000689352 0.00152944 0.000689352 4.59331e-05 -2.30193e-05 -4.59331e-05 2.30193e-05 -7.00437e-06 1.3722e-06 7.00437e-06 -1.3722e-06 -4.4747e-06 -4.06926e-06 4.4747e-06 4.06926e-06
23.4049 -0.00144716 -0.000831494 0.00144716 0.000831494 8.47444e-05 -0.00011453 -8.47444e-05 0.00011453 2.85121e-05 -3.05096e-06 -2.85121e-05 3.05096e-06 1.3368e-05 -7.39424e-06 -1.3368e-05 7.39424e-06
23.5096 -0.00149508 -0.000725923 0.00149508 0.000725923 4.87827e-05 -5.46343e-05 -4.87827e-05 5.46343e-05 -1.40383e-05 -4.03244e-06 1.40383e-05 4.03244e-06 -2.74204e-06 4.50039e-06 2.74204e-06 -4.50039e-06
23.6143 -0.00148072 -0.000663362 0.00148072 0.000663362 5.26999e-05 -4.01781e-05 -5.26999e-05 4.01781e-05 8.18593e-06 -1.22214e-05 -8.18593e-06 1.22214e-05 2.85516e-06 2.11416e-06 -2.85516e-06 -2.11416e-06
23.719 -0.00147294 -0.000710352 0.00147294 0.000710352 6.05084e-05 -4.58626e-05 -6.05084e-05 4.58626e-05 2.33019e-06 9.52349e-06 -2.33019e-06 -9.52349e-06 4.28584e-06 -1.77336e-06 -4.28584e-06 1.77336e-06
23.8237 -0.0014556 -0.000665991 0.0014556 0.000665991 4.42519e-05 -2.04054e-05 -4.42519e-05 2.04054e-05 -5.2365e-06 2.7427e-06 5.2365e-06 -2.7427e-06 -2.95853e-06 -2.75767e-06 2.95853e-06 2.75767e-06
23.9285 -0.00148415 -0.000616384 0.00148415 0.000616384 3.0856e-05 -2.43012e-05 -3.0856e-05 2.43012e-05 2.14628e-07 9.52814e-07 -2.14628e-07 -9.52814e-07 3.69571e-06 4.44228e-06 -3.69571e-06 -4.44228e-06
24.0332 -0.00148772 -0.000689228 0.00148772 0.000689228 2.16994e-05 -5.9702e-05 -2.16994e-05 5.9702e-05 3.70851e-06 4.71816e-06 -3.70851e-06 -4.71816e-06 -1.84356e-06 -9.98297e-06 1.84356e-06 9.98297e-06
24.1379 -0.00143052 -0.000685982 0.00143052 0.000685982 5.8004e-05 -5.87799e-05 -5.8004e-05 5.87799e-05 1.98213e-05 4.1926e-06 -1.98213e-05 -4.1926e-06 1.90888e-05 5.46427e-06 -1.90888e-05 -5.46427e-06
24.2426 -0.00139966 -0.000657902 0.00139966 0.000657902 5.61637e-05 -3.86794e-05 -5.61637e-05 3.86794e-05 -2.86483e-05 -1.09042e-05 2.86483e-05 1.09042e-05 -2.12072e-05 -3.75224e-06 2.12072e-05 3.75224e-06
24.3473 -0.00139825 -0.000623582 0.00139825 0.000623582 6.64191e-05 -2.40773e-05 -6.64191e-05 2.40773e-05 1.63112e-06 -1.35465e-05 -1.63112e-06 1.35465e-05 1.10239e-06 -1.17105e-05 -1.10239e-06 1.17105e-05
24.4521 -0.00142525 -0.000616707 0.00142525 0.000616707 2.20157e-05 -2.91859e-05 -2.20157e-05 2.91859e-05 4.73047e-06 4.38835e-06 -4.73047e-06 -4.38835e-06 7.52358e-06 6.31754e-06 -7.52358e-06 -6.31754e-06
24.5568 -0.00138863 -0.000615739 0.00138863 0.000615739 4.46815e-05 -2.88502e-05 -4.46815e-05 2.88502e-05 5.08796e-06 1.02302e-06 -5.08796e-06 -1.02302e-06 -8.80659e-06 -5.00366e-06 8.80659e-06 5.00366e-06
24.6615 -0.00139899 -0.000607747 0.00139899 0.000607747 1.4769e-05 -2.87712e-05 -1.4769e-05 2.87712e-05 -1.05288e-05 6.7049e-06 1.05288e-05 -6.7049e-06 7.41794e-06 1.00737e-05 -7.41794e-06 -1.00737e-05
24.7662 -0.00140182 -0.000630838 0.00140182 0.000630838 2.01803e-05 -6.70771e-05 -2.01803e-05 6.70771e-05 2.2116e-05 -1.29069e-05 -2.2116e-05 1.29069e-05 9.54339e-06 -1.0675e-05 -9.54339e-06 1.0675e-05
24.8709 -0.00137667 -0.000655741 0.00137667 0.000655741 2.68584e-05 -6.69855e-05 -2.68584e-05 6.69855e-05 -5.44765e-06 1.46723e-06 5.44765e-06 -1.46723e-06 -2.59578e-06 2.26895e-06 2.59578e-06 -2.26895e-06
24.9757 -0.00133328 -0.000572554 0.00133328 0.000572554 6.3693e-05 -2.06209e-05 -6.3693e-05 2.06209e-05 -4.27276e-06 8.47867e-07 4.27276e-06 -8.47867e-07 -1.19463e-05 6.38552e-06 1.19463e-05 -6.38552e-06
