0.0523599 -0.0481682 -0.0258443 0.0481682 0.0258443 -0.00824044 0.0303912 0.00824044 -0.0303912 0.000153289 0.0021485 -0.000153289 -0.0021485 -0.0429994 -0.0037036 0.0429994 0.0037036
0.15708 -0.0303409 -0.028692 0.0303409 0.028692 -0.00933472 0.0406141 0.00933472 -0.0406141 5.60742e-05 0.000864502 -5.60742e-05 -0.000864502 -0.013378 -0.0015733 0.013378 0.0015733
0.261799 -0.0246516 -0.0298839 0.0246516 0.0298839 -0.0102052 0.0303884 0.0102052 -0.0303884 0.000464118 0.000451287 -0.000464118 -0.000451287 -0.00548277 -0.000723988 0.00548277 0.000723988
0.366519 -0.0189546 -0.0293196 0.0189546 0.0293196 -0.0100722 0.0295152 0.0100722 -0.0295152 0.00153489 0.000151017 -0.00153489 -0.000151017 -0.00132207 -0.000113849 0.00132207 0.000113849
0.471239 -0.0135849 -0.0344005 0.0135849 0.0344005 -0.0105456 0.0223812 0.0105456 -0.0223812 0.000500008 0.000100533 -0.000500008 -0.000100533 -0.000841761 -0.000131592 0.000841761 0.000131592
0.575959 -0.0134783 -0.0311512 0.0134783 0.0311512 -0.00556438 0.0193782 0.00556438 -0.0193782 -8.63978e-05 -3.73947e-05 8.63978e-05 3.73947e-05 0.000352925 5.72848e-05 -0.000352925 -5.72848e-05
0.680678 -0.0140068 -0.0340777 0.0140068 0.0340777 -0.00938415 0.0178239 0.00938415 -0.0178239 -0.000350679 0.000225067 0.000350679 -0.000225067 -0.00229412 -0.00039412 0.00229412 0.00039412
0.785398 -0.0162725 -0.0324215 0.0162725 0.0324215 -0.00855505 0.0180194 0.00855505 -0.0180194 -0.000857697 0.00010089 0.000857697 -0.00010089 -0.00127278 -0.000227121 0.00127278 0.000227121
0.890118 -0.0144325 -0.0279042 0.0144325 0.0279042 -0.00740032 0.0179359 0.00740032 -0.0179359 0.000108574 -9.25328e-05 -0.000108574 9.25328e-05 0.00107021 0.000173383 -0.00107021 -0.000173383
0.994838 -0.0146583 -0.0297679 0.0146583 0.0297679 -0.00612553 0.017455 0.00612553 -0.017455 -0.00074869 0.000126937 0.00074869 -0.000126937 -0.00156272 -0.000274531 0.00156272 0.000274531
1.09956 -0.0110199 -0.0302975 0.0110199 0.0302975 -0.00271092 0.0160341 0.00271092 -0.0160341 0.000619897 1.56591e-05 -0.000619897 -1.56591e-05 5.43779e-05 5.72918e-06 -5.43779e-05 -5.72918e-06
1.20428 -0.011057 -0.0287904 0.011057 0.0287904 -0.00396141 0.01364 0.00396141 -0.01364 -0.000466978 -8.55676e-05 0.000466978 8.55676e-05 0.000760747 0.000146206 -0.000760747 -0.000146206
1.309 -0.0113387 -0.032448 0.0113387 0.032448 -0.00294746 0.0121667 0.00294746 -0.0121667 0.000326238 -3.45385e-05 -0.000326238 3.45385e-05 0.000444618 8.17038e-05 -0.000444618 -8.17038e-05
1.41372 -0.00983642 -0.0274292 0.00983642 0.0274292 -0.00236628 0.0132007 0.00236628 -0.0132007 -1.53202e-05 4.28949e-05 1.53202e-05 -4.28949e-05 -0.000498473 -9.34242e-05 0.000498473 9.34242e-05
1.51844 -0.00930065 -0.0307108 0.00930065 0.0307108 -0.00155559 0.0101219 0.00155559 -0.0101219 0.000348555 -3.39803e-06 -0.000348555 3.39803e-06 0.000159903 2.08617e-05 -0.000159903 -2.08617e-05
1.62316 -0.00887827 -0.0264847 0.00887827 0.0264847 -0.00221445 0.011241 0.00221445 -0.011241 -7.17182e-05 6.40762e-05 7.17182e-05 -6.40762e-05 -0.000811591 -0.000155017 0.000811591 0.000155017
1.72788 -0.0108042 -0.0303771 0.0108042 0.0303771 -0.00171754 0.00946918 0.00171754 -0.00946918 -0.00023707 8.93223e-06 0.00023707 -8.93223e-06 -0.000178652 -2.76746e-05 0.000178652 2.76746e-05
1.8326 -0.00710802 -0.0276576 0.00710802 0.0276576 -0.000381589 0.0094692 0.000381589 -0.0094692 1.40984e-06 0.000120576 -1.40984e-06 -0.000120576 -0.00151213 -0.000302643 0.00151213 0.000302643
1.93732 -0.0145604 -0.0268137 0.0145604 0.0268137 -0.00153327 0.00943061 0.00153327 -0.00943061 0.000198382 -5.32208e-05 -0.000198382 5.32208e-05 0.000629969 0.000127192 -0.000629969 -0.000127192
2.04204 -0.0157144 -0.0264163 0.0157144 0.0264163 -0.00369462 0.00960556 0.00369462 -0.00960556 -0.000361718 6.5295e-06 0.000361718 -6.5295e-06 -0.000200871 -2.51915e-05 0.000200871 2.51915e-05
2.14675 -0.0100857 -0.0281426 0.0100857 0.0281426 -0.000745357 0.00703805 0.000745357 -0.00703805 0.000408575 -8.03209e-05 -0.000408575 8.03209e-05 0.00109781 0.000217887 -0.00109781 -0.000217887
2.25147 -0.00787332 -0.0254332 0.00787332 0.0254332 0.00140847 0.00740639 -0.00140847 -0.00740639 8.61056e-05 2.8781e-06 -8.61056e-05 -2.8781e-06 -7.27861e-06 -6.81674e-06 7.27861e-06 6.81674e-06
2.35619 -0.0094114 -0.0252427 0.0094114 0.0252427 -0.000546093 0.0077611 0.000546093 -0.0077611 2.04999e-05 -8.22749e-06 -2.04999e-05 8.22749e-06 0.000119545 2.47024e-05 -0.000119545 -2.47024e-05
2.46091 -0.00649348 -0.0258655 0.00649348 0.0258655 0.00238969 0.00584999 -0.00238969 -0.00584999 -0.000370576 3.8298e-05 0.000370576 -3.8298e-05 -0.000709633 -0.000131124 0.000709633 0.000131124
2.56563 -0.00590641 -0.0236142 0.00590641 0.0236142 0.00292294 0.00629207 -0.00292294 -0.00629207 6.1656e-05 2.6179e-05 -6.1656e-05 -2.6179e-05 -0.00041573 -9.49185e-05 0.00041573 9.49185e-05
2.67035 -0.00682909 -0.0259579 0.00682909 0.0259579 0.000989528 0.00465423 -0.000989528 -0.00465423 -0.000511248 2.79478e-05 0.000511248 -2.79478e-05 -0.000635669 -0.000102951 0.000635669 0.000102951
2.77507 -0.00804421 -0.0242843 0.00804421 0.0242843 0.00114447 0.00399905 -0.00114447 -0.00399905 0.000253524 5.92162e-06 -0.000253524 -5.92162e-06 5.09334e-06 -2.25001e-05 -5.09334e-06 2.25001e-05
2.87979 -0.00873679 -0.020653 0.00873679 0.020653 0.000603786 0.00623881 -0.000603786 -0.00623881 2.94607e-05 -2.22337e-05 -2.94607e-05 2.22337e-05 0.000397106 8.5489e-05 -0.000397106 -8.5489e-05
2.98451 -0.0105872 -0.021442 0.0105872 0.021442 0.000523 0.0066338 -0.000523 -0.0066338 2.65981e-05 -5.37415e-05 -2.65981e-05 5.37415e-05 0.000855754 0.000194039 -0.000855754 -0.000194039
3.08923 -0.00723574 -0.0218486 0.00723574 0.0218486 0.00190902 0.00583986 -0.00190902 -0.00583986 -4.02759e-05 2.17086e-05 4.02759e-05 -2.17086e-05 -0.000432763 -9.41951e-05 0.000432763 9.41951e-05
3.19395 -0.0100748 -0.0180334 0.0100748 0.0180334 0.00164383 0.0065662 -0.00164383 -0.0065662 -0.000299556 2.11907e-05 0.000299556 -2.11907e-05 -0.000496802 -8.75629e-05 0.000496802 8.75629e-05
3.29867 -0.00586198 -0.0195691 0.00586198 0.0195691 0.00264298 0.00628509 -0.00264298 -0.00628509 0.000252642 6.03942e-07 -0.000252642 -6.03942e-07 8.60566e-05 -1.98234e-06 -8.60566e-05 1.98234e-06
3.40339 -0.00648907 -0.0181963 0.00648907 0.0181963 0.00271251 0.00449219 -0.00271251 -0.00449219 0.000271219 3.11955e-05 -0.000271219 -3.11955e-05 -0.00064519 -0.000170476 0.00064519 0.000170476
3.50811 -0.00908039 -0.0205859 0.00908039 0.0205859 0.00141071 0.00307685 -0.00141071 -0.00307685 -0.000319497 -2.90437e-05 0.000319497 2.90437e-05 0.000429942 0.000141078 -0.000429942 -0.000141078
3.61283 -0.0070542 -0.0215681 0.0070542 0.0215681 0.00203625 0.00221214 -0.00203625 -0.00221214 -0.000263114 2.73861e-05 0.000263114 -2.73861e-05 -0.000725532 -0.000148201 0.000725532 0.000148201
3.71755 -0.00905263 -0.0196276 0.00905263 0.0196276 0.00177256 0.00315084 -0.00177256 -0.00315084 0.000140743 8.31175e-06 -0.000140743 -8.31175e-06 -0.00011427 -4.29338e-05 0.00011427 4.29338e-05
3.82227 -0.00696933 -0.0195833 0.00696933 0.0195833 0.00258057 0.00349896 -0.00258057 -0.00349896 0.000137375 -2.0221e-05 -0.000137375 2.0221e-05 0.000572659 0.000123536 -0.000572659 -0.000123536
3.92699 -0.00806555 -0.0176967 0.00806555 0.0176967 0.0020052 0.00353566 -0.0020052 -0.00353566 1.61944e-05 2.2365e-06 -1.61944e-05 -2.2365e-06 -4.85662e-05 -1.34134e-05 4.85662e-05 1.34134e-05
4.03171 -0.00671801 -0.0164291 0.00671801 0.0164291 0.00280221 0.00369379 -0.00280221 -0.00369379 3.81439e-05 6.48e-06 -3.81439e-05 -6.48e-06 -0.000178174 -4.52381e-05 0.000178174 4.52381e-05
4.13643 -0.00903513 -0.0164666 0.00903513 0.0164666 0.00231458 0.00329271 -0.00231458 -0.00329271 -1.91379e-05 -2.91342e-05 1.91379e-05 2.91342e-05 0.000691625 0.000170773 -0.000691625 -0.000170773
4.24115 -0.00850555 -0.0154252 0.00850555 0.0154252 0.00229829 0.00295867 -0.00229829 -0.00295867 -7.30734e-05 8.58895e-06 7.30734e-05 -8.58895e-06 -0.000256126 -5.34683e-05 0.000256126 5.34683e-05
4.34587 -0.00848369 -0.0150236 0.00848369 0.0150236 0.00147348 0.00295127 -0.00147348 -0.00295127 7.67541e-05 -1.85973e-05 -7.67541e-05 1.85973e-05 0.000544577 0.000121879 -0.000544577 -0.000121879
4.45059 -0.0086247 -0.0138214 0.0086247 0.0138214 0.00122344 0.00306278 -0.00122344 -0.00306278 -4.82066e-05 7.54909e-07 4.82066e-05 -7.54909e-07 -4.12704e-05 -4.32697e-06 4.12704e-05 4.32697e-06
4.55531 -0.00759086 -0.0157328 0.00759086 0.0157328 0.00197687 0.00264536 -0.00197687 -0.00264536 2.9665e-05 1.20059e-05 -2.9665e-05 -1.20059e-05 -0.000374844 -9.39967e-05 0.000374844 9.39967e-05
4.66003 -0.00854348 -0.0152459 0.00854348 0.0152459 0.00134071 0.00250827 -0.00134071 -0.00250827 9.6964e-05 -4.6544e-07 -9.6964e-05 4.6544e-07 5.47561e-05 2.18487e-06 -5.47561e-05 -2.18487e-06
4.76475 -0.0076335 -0.0153299 0.0076335 0.0153299 0.0016532 0.00155497 -0.0016532 -0.00155497 1.70883e-05 4.55652e-06 -1.70883e-05 -4.55652e-06 -0.000148913 -3.86049e-05 0.000148913 3.86049e-05
4.86947 -0.00885689 -0.0141672 0.00885689 0.0141672 0.00146091 0.00162707 -0.00146091 -0.00162707 5.56206e-05 8.32849e-06 -5.56206e-05 -8.32849e-06 -0.000226783 -6.33745e-05 0.000226783 6.33745e-05
4.97419 -0.00788613 -0.0139552 0.00788613 0.0139552 0.00139674 0.00130327 -0.00139674 -0.00130327 -0.000215815 -1.29016e-06 0.000215815 1.29016e-06 -4.63946e-05 1.57044e-05 4.63946e-05 -1.57044e-05
5.07891 -0.00751062 -0.0129281 0.00751062 0.0129281 0.00121458 0.0024107 -0.00121458 -0.0024107 -3.14944e-05 -3.91825e-06 3.14944e-05 3.91825e-06 0.000138965 3.71482e-05 -0.000138965 -3.71482e-05
5.18363 -0.00722046 -0.011995 0.00722046 0.011995 0.00169989 0.00246842 -0.00169989 -0.00246842 2.48883e-05 -3.56144e-06 -2.48883e-05 3.56144e-06 0.000158214 3.4344e-05 -0.000158214 -3.4344e-05
5.28835 -0.00746035 -0.0143773 0.00746035 0.0143773 0.00194566 0.00119997 -0.00194566 -0.00119997 4.3908e-05 -2.78734e-06 -4.3908e-05 2.78734e-06 0.000135661 2.80401e-05 -0.000135661 -2.80401e-05
5.39307 -0.00735798 -0.0129901 0.00735798 0.0129901 0.00236908 0.00169448 -0.00236908 -0.00169448 0.000179262 1.82232e-06 -0.000179262 -1.82232e-06 -1.58112e-06 -2.21304e-05 1.58112e-06 2.21304e-05
5.49779 -0.00803009 -0.0114342 0.00803009 0.0114342 0.00141002 0.0019102 -0.00141002 -0.0019102 -6.34574e-05 7.25364e-06 6.34574e-05 -7.25364e-06 -0.000311955 -6.76833e-05 0.000311955 6.76833e-05
5.60251 -0.00703294 -0.0122709 0.00703294 0.0122709 0.00223695 0.00118323 -0.00223695 -0.00118323 -8.96291e-05 -4.8918e-06 8.96291e-05 4.8918e-06 0.000198386 5.93901e-05 -0.000198386 -5.93901e-05
5.70723 -0.00631761 -0.013196 0.00631761 0.013196 0.00180787 0.00081636 -0.00180787 -0.00081636 0.000148323 4.58084e-06 -0.000148323 -4.58084e-06 -0.000217826 -7.25916e-05 0.000217826 7.25916e-05
5.81195 -0.00855818 -0.0119361 0.00855818 0.0119361 0.00128827 0.000336736 -0.00128827 -0.000336736 -2.46215e-05 8.17922e-08 2.46215e-05 -8.17922e-08 -1.39255e-05 -2.35649e-07 1.39255e-05 2.35649e-07
5.91667 -0.00622269 -0.0123103 0.00622269 0.0123103 0.00199434 0.000749617 -0.00199434 -0.000749617 -3.93074e-05 2.32209e-06 3.93074e-05 -2.32209e-06 -0.000172745 -3.64604e-05 0.000172745 3.64604e-05
6.02139 -0.00705132 -0.0103924 0.00705132 0.0103924 0.00111243 0.00155131 -0.00111243 -0.00155131 -9.18355e-06 -1.65253e-06 9.18355e-06 1.65253e-06 8.42298e-05 2.12706e-05 -8.42298e-05 -2.12706e-05
6.12611 -0.00908623 -0.0100872 0.00908623 0.0100872 0.000615859 0.00172748 -0.000615859 -0.00172748 -0.000129741 -2.20125e-06 0.000129741 2.20125e-06 2.62583e-05 2.30847e-05 -2.62583e-05 -2.30847e-05
6.23083 -0.00696023 -0.00990219 0.00696023 0.00990219 0.00179914 0.00156774 -0.00179914 -0.00156774 0.000162008 -4.99422e-06 -0.000162008 4.99422e-06 0.000352238 6.36287e-05 -0.000352238 -6.36287e-05
6.33555 -0.00678411 -0.00875226 0.00678411 0.00875226 0.00151367 0.00174919 -0.00151367 -0.00174919 1.1652e-05 2.36357e-06 -1.1652e-05 -2.36357e-06 -0.000130176 -3.16521e-05 0.000130176 3.16521e-05
6.44026 -0.0063134 -0.0097212 0.0063134 0.0097212 0.00170532 0.000900091 -0.00170532 -0.000900091 7.6377e-06 -5.28837e-06 -7.6377e-06 5.28837e-06 0.00037484 8.70166e-05 -0.00037484 -8.70166e-05
6.54498 -0.00709476 -0.00925737 0.00709476 0.00925737 0.00155537 0.00118377 -0.00155537 -0.00118377 5.00651e-06 -1.15526e-06 -5.00651e-06 1.15526e-06 6.90849e-05 1.58209e-05 -6.90849e-05 -1.58209e-05
6.6497 -0.00667146 -0.0104306 0.00667146 0.0104306 0.00132622 0.000180037 -0.00132622 -0.000180037 -1.49994e-05 1.63048e-06 1.49994e-05 -1.63048e-06 -0.00012498 -2.83829e-05 0.00012498 2.83829e-05
6.75442 -0.00712935 -0.0090335 0.00712935 0.0090335 0.00102581 0.000797401 -0.00102581 -0.000797401 7.45013e-05 -6.28403e-06 -7.45013e-05 6.28403e-06 0.000413173 8.88032e-05 -0.000413173 -8.88032e-05
6.85914 -0.00740922 -0.00937961 0.00740922 0.00937961 0.000918033 0.000288218 -0.000918033 -0.000288218 0.000106134 -1.10854e-06 -0.000106134 1.10854e-06 0.000113566 1.32275e-05 -0.000113566 -1.32275e-05
6.96386 -0.00652676 -0.00889244 0.00652676 0.00889244 0.00102521 0.00076501 -0.00102521 -0.00076501 3.84522e-05 2.37365e-06 -3.84522e-05 -2.37365e-06 -0.00016128 -4.30577e-05 0.00016128 4.30577e-05
7.06858 -0.00638819 -0.00901998 0.00638819 0.00901998 0.00148762 0.000461817 -0.00148762 -0.000461817 -4.97586e-05 -8.11995e-07 4.97586e-05 8.11995e-07 4.40921e-05 1.6942e-05 -4.40921e-05 -1.6942e-05
7.1733 -0.00689231 -0.008931 0.00689231 0.008931 0.00113313 0.000221851 -0.00113313 -0.000221851 7.34913e-06 -1.36166e-06 -7.34913e-06 1.36166e-06 0.000101868 2.34488e-05 -0.000101868 -2.34488e-05
7.27802 -0.00627992 -0.00798722 0.00627992 0.00798722 0.00137644 0.000734587 -0.00137644 -0.000734587 8.34486e-05 -2.5038e-07 -8.34486e-05 2.5038e-07 5.79424e-05 2.63472e-06 -5.79424e-05 -2.63472e-06
7.38274 -0.00654899 -0.00820048 0.00654899 0.00820048 0.000962655 0.000888273 -0.000962655 -0.000888273 -3.83453e-05 2.80024e-07 3.83453e-05 -2.80024e-07 -3.98092e-05 -4.33381e-06 3.98092e-05 4.33381e-06
7.48746 -0.0067313 -0.00707157 0.0067313 0.00707157 0.00110821 0.000819908 -0.00110821 -0.000819908 -8.91186e-05 1.43754e-06 8.91186e-05 -1.43754e-06 -0.000139383 -2.09094e-05 0.000139383 2.09094e-05
7.59218 -0.00657964 -0.00817126 0.00657964 0.00817126 0.00108687 8.33017e-05 -0.00108687 -8.33017e-05 -9.14299e-05 5.60744e-07 9.14299e-05 -5.60744e-07 -8.87848e-05 -8.74816e-06 8.87848e-05 8.74816e-06
7.6969 -0.00608613 -0.00747215 0.00608613 0.00747215 0.00117466 0.000509181 -0.00117466 -0.000509181 1.54449e-05 1.80861e-06 -1.54449e-05 -1.80861e-06 -0.000163624 -3.96357e-05 0.000163624 3.96357e-05
7.80162 -0.0064524 -0.00738348 0.0064524 0.00738348 0.00148555 0.000182178 -0.00148555 -0.000182178 5.89005e-05 6.68719e-07 -5.89005e-05 -6.68719e-07 -2.94537e-05 -1.44599e-05 2.94537e-05 1.44599e-05
7.90634 -0.00660636 -0.00784475 0.00660636 0.00784475 0.00088418 -4.42807e-05 -0.00088418 4.42807e-05 -1.18849e-05 -4.55242e-07 1.18849e-05 4.55242e-07 3.50744e-05 9.88486e-06 -3.50744e-05 -9.88486e-06
8.01106 -0.00615703 -0.00739306 0.00615703 0.00739306 0.000761491 -0.000302321 -0.000761491 0.000302321 0.000107393 2.5367e-07 -0.000107393 -2.5367e-07 2.35687e-05 -9.30547e-06 -2.35687e-05 9.30547e-06
8.11578 -0.0063766 -0.00702376 0.0063766 0.00702376 0.000781282 0.000283828 -0.000781282 -0.000283828 2.53195e-05 -6.65523e-07 -2.53195e-05 6.65523e-07 7.23618e-05 1.33911e-05 -7.23618e-05 -1.33911e-05
8.2205 -0.00597292 -0.00637855 0.00597292 0.00637855 0.000605672 0.000492881 -0.000605672 -0.000492881 -6.1375e-05 1.22638e-06 6.1375e-05 -1.22638e-06 -0.000148595 -2.52313e-05 0.000148595 2.52313e-05
8.32522 -0.00536517 -0.00662287 0.00536517 0.00662287 0.00142857 0.000344848 -0.00142857 -0.000344848 8.00403e-05 6.54712e-07 -8.00403e-05 -6.54712e-07 -5.39825e-05 -2.22809e-05 5.39825e-05 2.22809e-05
8.42994 -0.00609782 -0.00594114 0.00609782 0.00594114 0.000993616 0.00061709 -0.000993616 -0.00061709 5.31366e-05 1.42586e-06 -5.31366e-05 -1.42586e-06 -0.00010675 -3.07577e-05 0.00010675 3.07577e-05
8.53466 -0.00514942 -0.00635021 0.00514942 0.00635021 0.0014246 0.000524123 -0.0014246 -0.000524123 -4.8089e-05 3.87071e-07 4.8089e-05 -3.87071e-07 -8.32173e-05 -1.22076e-05 8.32173e-05 1.22076e-05
8.63938 -0.00479195 -0.00624723 0.00479195 0.00624723 0.00163344 0.000266265 -0.00163344 -0.000266265 -4.63711e-06 -2.74659e-08 4.63711e-06 2.74659e-08 3.41636e-06 1.31875e-06 -3.41636e-06 -1.31875e-06
8.7441 -0.00545899 -0.00653281 0.00545899 0.00653281 0.00113591 -0.000209619 -0.00113591 0.000209619 -3.06333e-05 2.63431e-07 3.06333e-05 -2.63431e-07 -5.44491e-05 -8.14097e-06 5.44491e-05 8.14097e-06
8.84882 -0.00579283 -0.0068836 0.00579283 0.0068836 0.000886878 -0.000571281 -0.000886878 0.000571281 5.34402e-06 2.87569e-07 -5.34402e-06 -2.87569e-07 -4.00823e-05 -9.88101e-06 4.00823e-05 9.88101e-06
8.95354 -0.0057533 -0.00579905 0.0057533 0.00579905 0.000945978 -5.04343e-05 -0.000945978 5.04343e-05 2.71619e-06 1.05338e-06 -2.71619e-06 -1.05338e-06 -0.000122786 -2.76831e-05 0.000122786 2.76831e-05
9.05826 -0.00585607 -0.00626699 0.00585607 0.00626699 0.000295912 -0.000128001 -0.000295912 0.000128001 -4.44569e-05 -8.57007e-07 4.44569e-05 8.57007e-07 9.29913e-05 2.69901e-05 -9.29913e-05 -2.69901e-05
9.16298 -0.00554683 -0.00610493 0.00554683 0.00610493 0.000669091 -0.000124534 -0.000669091 0.000124534 1.24934e-05 6.56476e-08 -1.24934e-05 -6.56476e-08 -4.31626e-06 -2.61315e-06 4.31626e-06 2.61315e-06
9.2677 -0.00557103 -0.00522522 0.00557103 0.00522522 0.000540044 0.000297295 -0.000540044 -0.000297295 7.78796e-05 4.74425e-07 -7.78796e-05 -4.74425e-07 -2.21271e-05 -1.4851e-05 2.21271e-05 1.4851e-05
9.37242 -0.00519552 -0.00522427 0.00519552 0.00522427 0.00101445 9.80124e-05 -0.00101445 -9.80124e-05 2.09735e-05 4.29891e-09 -2.09735e-05 -4.29891e-09 9.06809e-06 -7.04211e-07 -9.06809e-06 7.04211e-07
9.47714 -0.00529619 -0.00596114 0.00529619 0.00596114 0.000912423 -0.000213915 -0.000912423 0.000213915 -1.49085e-06 -3.19703e-07 1.49085e-06 3.19703e-07 6.10918e-05 1.36092e-05 -6.10918e-05 -1.36092e-05
9.58186 -0.00552822 -0.00562161 0.00552822 0.00562161 0.000708359 -0.000200051 -0.000708359 0.000200051 -2.62715e-05 8.65858e-07 2.62715e-05 -8.65858e-07 -0.000146038 -2.87141e-05 0.000146038 2.87141e-05
9.68658 -0.00591812 -0.00561547 0.00591812 0.00561547 0.000601601 -0.000305555 -0.000601601 0.000305555 4.92911e-06 2.08267e-07 -4.92911e-06 -2.08267e-07 -2.50228e-05 -6.25511e-06 2.50228e-05 6.25511e-06
9.7913 -0.00530618 -0.00494381 0.00530618 0.00494381 0.000708664 -0.000120315 -0.000708664 0.000120315 -1.04403e-05 1.82715e-07 1.04403e-05 -1.82715e-07 -3.19638e-05 -5.52913e-06 3.19638e-05 5.52913e-06
9.89602 -0.00585574 -0.00475438 0.00585574 0.00475438 0.000293411 -5.29849e-05 -0.000293411 5.29849e-05 -1.95655e-05 -6.82475e-07 1.95655e-05 6.82475e-07 6.80989e-05 1.74813e-05 -6.80989e-05 -1.74813e-05
10.0007 -0.00514121 -0.00507154 0.00514121 0.00507154 0.000693132 -0.000307059 -0.000693132 0.000307059 -3.50164e-05 1.44341e-07 3.50164e-05 -1.44341e-07 -4.29052e-05 -4.67187e-06 4.29052e-05 4.67187e-06
10.1055 -0.00491834 -0.00427313 0.00491834 0.00427313 0.000612272 0.000152368 -0.000612272 -0.000152368 4.34941e-05 -3.25199e-07 -4.34941e-05 3.25199e-07 7.18405e-05 9.47037e-06 -7.18405e-05 -9.47037e-06
10.2102 -0.00522319 -0.00487762 0.00522319 0.00487762 0.00047608 -0.000190788 -0.00047608 0.000190788 4.88292e-05 2.42945e-07 -4.88292e-05 -2.42945e-07 -1.93185e-05 -1.04064e-05 1.93185e-05 1.04064e-05
10.3149 -0.00525819 -0.0041652 0.00525819 0.0041652 0.000220516 0.000218862 -0.000220516 -0.000218862 3.33766e-06 -4.15415e-07 -3.33766e-06 4.15415e-07 5.83761e-05 1.18547e-05 -5.83761e-05 -1.18547e-05
10.4196 -0.00573065 -0.0042371 0.00573065 0.0042371 0.000232324 0.000127809 -0.000232324 -0.000127809 9.73883e-06 3.60941e-07 -9.73883e-06 -3.60941e-07 -3.75651e-05 -9.34662e-06 3.75651e-05 9.34662e-06
10.5243 -0.00499091 -0.00425323 0.00499091 0.00425323 0.000402653 0.000222934 -0.000402653 -0.000222934 -1.00819e-05 3.09886e-07 1.00819e-05 -3.09886e-07 -5.77137e-05 -1.07387e-05 5.77137e-05 1.07387e-05
10.6291 -0.00490118 -0.00408842 0.00490118 0.00408842 0.000594999 -7.42493e-05 -0.000594999 7.42493e-05 1.67455e-05 4.8846e-07 -1.67455e-05 -4.8846e-07 -7.6085e-05 -1.77806e-05 7.6085e-05 1.77806e-05
10.7338 -0.00475462 -0.00408151 0.00475462 0.00408151 0.000513671 0.000102697 -0.000513671 -0.000102697 6.30001e-06 5.95153e-08 -6.30001e-06 -5.95153e-08 -8.56656e-06 -2.52693e-06 8.56656e-06 2.52693e-06
10.8385 -0.00484223 -0.00452991 0.00484223 0.00452991 0.000680793 -0.000200933 -0.000680793 0.000200933 -2.7063e-05 1.44782e-07 2.7063e-05 -1.44782e-07 -4.74003e-05 -6.50214e-06 4.74003e-05 6.50214e-06
10.9432 -0.00443028 -0.00427123 0.00443028 0.00427123 0.000746608 -0.000142401 -0.000746608 0.000142401 -2.92466e-05 2.52559e-07 2.92466e-05 -2.52559e-07 -9.01382e-05 -1.4657e-05 9.01382e-05 1.4657e-05
11.0479 -0.00455133 -0.00459631 0.00455133 0.00459631 0.000544265 -0.000629546 -0.000544265 0.000629546 -7.67996e-06 -9.12622e-08 7.67996e-06 9.12622e-08 3.00872e-05 7.14831e-06 -3.00872e-05 -7.14831e-06
11.1527 -0.00429711 -0.00379942 0.00429711 0.00379942 0.000653857 -3.79644e-05 -0.000653857 3.79644e-05 -2.38275e-05 -1.60004e-07 2.38275e-05 1.60004e-07 3.13014e-05 9.07443e-06 -3.13014e-05 -9.07443e-06
11.2574 -0.00499975 -0.00354766 0.00499975 0.00354766 0.000102232 -5.62385e-05 -0.000102232 5.62385e-05 8.53434e-05 1.34419e-07 -8.53434e-05 -1.34419e-07 1.97099e-05 -6.68422e-06 -1.97099e-05 6.68422e-06
11.3621 -0.00484773 -0.00377523 0.00484773 0.00377523 0.000339312 -1.60446e-05 -0.000339312 1.60446e-05 1.42002e-05 1.10788e-07 -1.42002e-05 -1.10788e-07 -1.42309e-05 -4.64522e-06 1.42309e-05 4.64522e-06
11.4668 -0.00435206 -0.00296939 0.00435206 0.00296939 0.000356225 0.000573286 -0.000356225 -0.000573286 -2.70706e-05 -5.35605e-07 2.70706e-05 5.35605e-07 8.23251e-05 1.9131e-05 -8.23251e-05 -1.9131e-05
11.5715 -0.00480308 -0.00285384 0.00480308 0.00285384 0.000180655 0.000315984 -0.000180655 -0.000315984 9.18434e-05 7.16903e-07 -9.18434e-05 -7.16903e-07 -5.54408e-05 -2.2028e-05 5.54408e-05 2.2028e-05
11.6763 -0.00432958 -0.00354504 0.00432958 0.00354504 0.000576796 -2.46578e-05 -0.000576796 2.46578e-05 -1.11078e-05 1.85699e-08 1.11078e-05 -1.85699e-08 -1.01249e-05 -6.75714e-07 1.01249e-05 6.75714e-07
11.781 -0.00393178 -0.00313508 0.00393178 0.00313508 0.000874584 -7.04957e-05 -0.000874584 7.04957e-05 4.13579e-05 9.9215e-08 -4.13579e-05 -9.9215e-08 -8.09849e-06 -6.26909e-06 8.09849e-06 6.26909e-06
11.8857 -0.00438432 -0.00342846 0.00438432 0.00342846 0.000508312 -0.000234578 -0.000508312 0.000234578 -5.33969e-07 2.45123e-08 5.33969e-07 -2.45123e-08 -6.28944e-06 -1.17202e-06 6.28944e-06 1.17202e-06
11.9904 -0.00390316 -0.00366616 0.00390316 0.00366616 0.000525172 -0.000350019 -0.000525172 0.000350019 -1.84725e-05 4.5613e-08 1.84725e-05 -4.5613e-08 -3.42395e-05 -4.33056e-06 3.42395e-05 4.33056e-06
12.0951 -0.00463134 -0.00332131 0.00463134 0.00332131 0.000158027 -0.000220238 -0.000158027 0.000220238 5.65261e-05 4.39406e-08 -5.65261e-05 -4.39406e-08 1.78761e-05 -3.34763e-06 -1.78761e-05 3.34763e-06
12.1999 -0.00440655 -0.00335818 0.00440655 0.00335818 0.00024437 -0.000261396 -0.00024437 0.000261396 -1.73763e-05 -2.40779e-08 1.73763e-05 2.40779e-08 -2.17379e-06 1.67377e-06 2.17379e-06 -1.67377e-06
12.3046 -0.00419502 -0.00286203 0.00419502 0.00286203 0.000207377 7.13849e-05 -0.000207377 -7.13849e-05 1.16775e-05 -2.86628e-07 -1.16775e-05 2.86628e-07 6.89684e-05 1.17773e-05 -6.89684e-05 -1.17773e-05
12.4093 -0.00419175 -0.00269404 0.00419175 0.00269404 0.00022638 5.31931e-05 -0.00022638 -5.31931e-05 1.60252e-05 1.17157e-07 -1.60252e-05 -1.17157e-07 -1.64231e-05 -4.9922e-06 1.64231e-05 4.9922e-06
12.514 -0.00435091 -0.00292609 0.00435091 0.00292609 0.000166774 -4.3278e-05 -0.000166774 4.3278e-05 -2.24008e-05 4.9095e-08 2.24008e-05 -4.9095e-08 -2.13758e-05 -1.46576e-06 2.13758e-05 1.46576e-06
12.6187 -0.00378613 -0.00319438 0.00378613 0.00319438 0.000432607 -0.00022693 -0.000432607 0.00022693 5.05403e-06 1.44102e-07 -5.05403e-06 -1.44102e-07 -6.79829e-05 -1.32794e-05 6.79829e-05 1.32794e-05
12.7235 -0.00400639 -0.00282391 0.00400639 0.00282391 0.000378162 -0.00015552 -0.000378162 0.00015552 -6.90031e-06 2.16727e-07 6.90031e-06 -2.16727e-07 -6.26089e-05 -1.09632e-05 6.26089e-05 1.09632e-05
12.8282 -0.00385023 -0.00292579 0.00385023 0.00292579 0.000391405 -0.000170944 -0.000391405 0.000170944 2.49818e-05 -2.90943e-07 -2.49818e-05 2.90943e-07 0.000116087 1.87124e-05 -0.000116087 -1.87124e-05
12.9329 -0.00348288 -0.00281333 0.00348288 0.00281333 0.000552358 -0.000141319 -0.000552358 0.000141319 -1.70962e-05 -5.76488e-09 1.70962e-05 5.76488e-09 -5.17111e-06 9.97474e-07 5.17111e-06 -9.97474e-07
13.0376 -0.00367878 -0.00248381 0.00367878 0.00248381 0.00051937 -4.18278e-05 -0.00051937 4.18278e-05 -5.79448e-07 7.96628e-08 5.79448e-07 -7.96628e-08 -2.387e-05 -4.27101e-06 2.387e-05 4.27101e-06
13.1423 -0.00383036 -0.00259639 0.00383036 0.00259639 0.000352044 -0.000116467 -0.000352044 0.000116467 1.63908e-05 2.84942e-08 -1.63908e-05 -2.84942e-08 -5.46379e-07 -1.96063e-06 5.46379e-07 1.96063e-06
13.247 -0.00365985 -0.0028099 0.00365985 0.0028099 0.000287589 -0.00031846 -0.000287589 0.00031846 -6.43708e-06 1.00363e-07 6.43708e-06 -1.00363e-07 -4.90506e-05 -8.20184e-06 4.90506e-05 8.20184e-06
13.3518 -0.00382562 -0.00267614 0.00382562 0.00267614 0.000273925 -0.000223881 -0.000273925 0.000223881 -2.91931e-05 -1.31378e-07 2.91931e-05 1.31378e-07 3.02907e-05 8.90763e-06 -3.02907e-05 -8.90763e-06
13.4565 -0.00385504 -0.00235426 0.00385504 0.00235426 0.000133383 -0.000101004 -0.000133383 0.000101004 7.71048e-07 -1.10233e-07 -7.71048e-07 1.10233e-07 2.8643e-05 5.1347e-06 -2.8643e-05 -5.1347e-06
13.5612 -0.00367982 -0.00234609 0.00367982 0.00234609 0.000241695 7.43157e-06 -0.000241695 -7.43157e-06 3.18954e-06 9.95969e-08 -3.18954e-06 -9.95969e-08 -2.83311e-05 -5.45751e-06 2.83311e-05 5.45751e-06
13.6659 -0.00359955 -0.00226636 0.00359955 0.00226636 0.000289335 -8.4281e-05 -0.000289335 8.4281e-05 1.09122e-05 2.10083e-07 -1.09122e-05 -2.10083e-07 -5.90275e-05 -1.17198e-05 5.90275e-05 1.17198e-05
13.7706 -0.0034428 -0.00204976 0.0034428 0.00204976 0.000277783 0.000167311 -0.000277783 -0.000167311 -2.49381e-05 -1.56227e-07 2.49381e-05 1.56227e-07 3.42552e-05 8.70824e-06 -3.42552e-05 -8.70824e-06
13.8754 -0.00334007 -0.00219542 0.00334007 0.00219542 0.000394884 2.87207e-05 -0.000394884 -2.87207e-05 1.17824e-08 -4.99359e-08 -1.17824e-08 4.99359e-08 1.92621e-05 3.3457e-06 -1.92621e-05 -3.3457e-06
13.9801 -0.00357608 -0.002263 0.00357608 0.002263 0.000247617 -7.47957e-05 -0.000247617 7.47957e-05 1.55018e-05 -2.33495e-07 -1.55018e-05 2.33495e-07 8.59688e-05 1.35482e-05 -8.59688e-05 -1.35482e-05
14.0848 -0.00302972 -0.00222833 0.00302972 0.00222833 0.000518151 -0.000126124 -0.000518151 0.000126124 -5.96875e-05 -2.49633e-08 5.96875e-05 2.49633e-08 -1.20996e-05 4.29753e-06 1.20996e-05 -4.29753e-06
14.1895 -0.00318324 -0.00215451 0.00318324 0.00215451 0.000488376 -0.000125989 -0.000488376 0.000125989 2.38262e-05 2.23659e-07 -2.38262e-05 -2.23659e-07 -9.63599e-05 -1.90135e-05 9.63599e-05 1.90135e-05
14.2942 -0.00323457 -0.00252387 0.00323457 0.00252387 0.000229902 -0.000269246 -0.000229902 0.000269246 2.17197e-05 -8.57354e-08 -2.17197e-05 8.57354e-08 9.49326e-05 1.40443e-05 -9.49326e-05 -1.40443e-05
14.399 -0.00311044 -0.00214327 0.00311044 0.00214327 0.000334942 -4.73831e-05 -0.000334942 4.73831e-05 -2.52362e-05 2.26631e-08 2.52362e-05 -2.26631e-08 -2.49946e-05 -1.53866e-06 2.49946e-05 1.53866e-06
14.5037 -0.00340807 -0.00206044 0.00340807 0.00206044 8.78785e-05 -4.24943e-05 -8.78785e-05 4.24943e-05 1.37409e-05 -1.57489e-07 -1.37409e-05 1.57489e-07 6.37519e-05 9.49895e-06 -6.37519e-05 -9.49895e-06
14.6084 -0.00337941 -0.00212642 0.00337941 0.00212642 0.000120693 -0.000118426 -0.000120693 0.000118426 7.08722e-06 1.43175e-07 -7.08722e-06 -1.43175e-07 -5.59777e-05 -1.04319e-05 5.59777e-05 1.04319e-05
14.7131 -0.00311919 -0.00187197 0.00311919 0.00187197 0.000350045 -1.4235e-05 -0.000350045 1.4235e-05 -5.51285e-07 -5.36777e-08 5.51285e-07 5.36777e-08 2.175e-05 3.69908e-06 -2.175e-05 -3.69908e-06
14.8178 -0.00308622 -0.00195141 0.00308622 0.00195141 0.000308702 -3.51091e-05 -0.000308702 3.51091e-05 -8.84873e-06 -7.34573e-09 8.84873e-06 7.34573e-09 -6.67229e-07 8.16706e-07 6.67229e-07 -8.16706e-07
14.9226 -0.00296866 -0.00197882 0.00296866 0.00197882 0.00035333 -9.00497e-05 -0.00035333 9.00497e-05 2.8286e-06 -6.53069e-08 -2.8286e-06 6.53069e-08 4.26107e-05 6.76348e-06 -4.26107e-05 -6.76348e-06
15.0273 -0.00270514 -0.0018344 0.00270514 0.0018344 0.000429444 -3.12139e-05 -0.000429444 3.12139e-05 -9.27038e-05 -4.89152e-09 9.27038e-05 4.89152e-09 -4.10102e-05 2.87883e-06 4.10102e-05 -2.87883e-06
15.132 -0.0031843 -0.00202757 0.0031843 0.00202757 0.000182023 -0.000167551 -0.000182023 0.000167551 -2.07667e-06 -7.02996e-08 2.07667e-06 7.02996e-08 3.64203e-05 6.36486e-06 -3.64203e-05 -6.36486e-06
15.2367 -0.00320722 -0.00193725 0.00320722 0.00193725 0.000158852 -0.000202627 -0.000158852 0.000202627 -1.58644e-05 4.46375e-08 1.58644e-05 -4.46375e-08 -2.83143e-05 -3.08133e-06 2.83143e-05 3.08133e-06
15.3414 -0.00318002 -0.00197581 0.00318002 0.00197581 0.000105764 -9.29136e-05 -0.000105764 9.29136e-05 -1.51429e-05 -2.71662e-08 1.51429e-05 2.71662e-08 6.89932e-06 2.76348e-06 -6.89932e-06 -2.76348e-06
15.4462 -0.00331156 -0.00174377 0.00331156 0.00174377 -9.71537e-06 -6.72328e-05 9.71537e-06 6.72328e-05 2.95929e-05 -1.76799e-08 -2.95929e-05 1.76799e-08 2.03669e-05 2.73324e-07 -2.03669e-05 -2.73324e-07
15.5509 -0.00319348 -0.00185831 0.00319348 0.00185831 7.03313e-05 -4.8356e-05 -7.03313e-05 4.8356e-05 -1.22742e-06 -1.25719e-07 1.22742e-06 1.25719e-07 5.67035e-05 9.61571e-06 -5.67035e-05 -9.61571e-06
15.6556 -0.0028859 -0.00155513 0.0028859 0.00155513 0.000251592 4.48326e-05 -0.000251592 -4.48326e-05 1.19042e-05 4.01337e-08 -1.19042e-05 -4.01337e-08 -1.15545e-05 -3.06217e-06 1.15545e-05 3.06217e-06
15.7603 -0.0031808 -0.00171983 0.0031808 0.00171983 0.000165589 -4.30306e-05 -0.000165589 4.30306e-05 4.41628e-07 1.11748e-07 -4.41628e-07 -1.11748e-07 -4.45502e-05 -7.4438e-06 4.45502e-05 7.4438e-06
15.865 -0.00292849 -0.0015456 0.00292849 0.0015456 0.000121982 -1.27491e-05 -0.000121982 1.27491e-05 -5.58792e-05 9.39095e-08 5.58792e-05 -9.39095e-08 -6.68867e-05 -5.0308e-06 6.68867e-05 5.0308e-06
15.9698 -0.00286545 -0.00178935 0.00286545 0.00178935 0.000181385 -0.0001536 -0.000181385 0.0001536 -1.2415e-05 1.05848e-07 1.2415e-05 -1.05848e-07 -8.33579e-05 -1.21413e-05 8.33579e-05 1.21413e-05
16.0745 -0.00268983 -0.00156316 0.00268983 0.00156316 0.000314515 -3.29893e-05 -0.000314515 3.29893e-05 2.53649e-06 8.90869e-08 -2.53649e-06 -8.90869e-08 -5.41545e-05 -8.74365e-06 5.41545e-05 8.74365e-06
16.1792 -0.00301937 -0.00152959 0.00301937 0.00152959 0.00016064 -0.000117596 -0.00016064 0.000117596 6.19024e-06 1.61887e-08 -6.19024e-06 -1.61887e-08 -3.47839e-06 -1.1896e-06 3.47839e-06 1.1896e-06
16.2839 -0.00289722 -0.00174218 0.00289722 0.00174218 0.00013471 -0.000151742 -0.00013471 0.000151742 -3.7089e-06 -4.13219e-08 3.7089e-06 4.13219e-08 2.66704e-05 4.66743e-06 -2.66704e-05 -4.66743e-06
16.3886 -0.00272259 -0.00157811 0.00272259 0.00157811 0.000195418 -0.000171372 -0.000195418 0.000171372 -2.69081e-06 -6.48088e-08 2.69081e-06 6.48088e-08 4.17069e-05 6.81334e-06 -4.17069e-05 -6.81334e-06
16.4934 -0.002793 -0.00151103 0.002793 0.00151103 0.000114954 -0.000128142 -0.000114954 0.000128142 5.12956e-06 4.37718e-08 -5.12956e-06 -4.37718e-08 -2.11516e-05 -3.84975e-06 2.11516e-05 3.84975e-06
16.5981 -0.00256896 -0.00181625 0.00256896 0.00181625 0.00018442 -0.000178756 -0.00018442 0.000178756 -8.20701e-06 3.75948e-08 8.20701e-06 -3.75948e-08 -0.000146364 -2.1924e-05 0.000146364 2.1924e-05
16.7028 -0.00268751 -0.00124547 0.00268751 0.00124547 7.98972e-05 9.29948e-06 -7.98972e-05 -9.29948e-06 -6.94366e-06 5.19682e-08 6.94366e-06 -5.19682e-08 -2.52635e-05 -3.19996e-06 2.52635e-05 3.19996e-06
16.8075 -0.00294043 -0.00163155 0.00294043 0.00163155 -3.17203e-05 -0.000146959 3.17203e-05 0.000146959 -2.81602e-06 -2.55934e-08 2.81602e-06 2.55934e-08 1.38774e-05 2.50808e-06 -1.38774e-05 -2.50808e-06
16.9122 -0.00229645 -0.00130014 0.00229645 0.00130014 0.000316394 5.26603e-05 -0.000316394 -5.26603e-05 3.7069e-08 -2.09813e-08 -3.7069e-08 2.09813e-08 1.78963e-05 2.63454e-06 -1.78963e-05 -2.63454e-06
17.017 -0.00260424 -0.00130295 0.00260424 0.00130295 0.000212898 -2.69147e-05 -0.000212898 2.69147e-05 -8.97604e-06 -9.10922e-09 8.97604e-06 9.10922e-09 5.1299e-07 9.40062e-07 -5.1299e-07 -9.40062e-07
17.1217 -0.00243549 -0.00164035 0.00243549 0.00164035 0.000234512 -0.00019507 -0.000234512 0.00019507 -5.44746e-06 2.02688e-08 5.44746e-06 -2.02688e-08 -6.7726e-05 -9.70393e-06 6.7726e-05 9.70393e-06
17.2264 -0.00254675 -0.00140062 0.00254675 0.00140062 0.000190189 -0.000111587 -0.000190189 0.000111587 1.10353e-05 -1.50539e-09 -1.10353e-05 1.50539e-09 6.5102e-06 -7.50426e-08 -6.5102e-06 7.50426e-08
17.3311 -0.00255547 -0.00152474 0.00255547 0.00152474 0.000122455 -0.000185876 -0.000122455 0.000185876 -3.20195e-06 -3.31887e-09 3.20195e-06 3.31887e-09 2.12121e-06 6.36335e-07 -2.12121e-06 -6.36335e-07
17.4358 -0.00264957 -0.00156527 0.00264957 0.00156527 3.8346e-05 -0.000255553 -3.8346e-05 0.000255553 -2.17571e-06 2.5338e-08 2.17571e-06 -2.5338e-08 -2.77972e-05 -4.06311e-06 2.77972e-05 4.06311e-06
17.5406 -0.00259737 -0.00129536 0.00259737 0.00129536 4.8447e-05 -3.10478e-05 -4.8447e-05 3.10478e-05 1.09232e-05 6.15856e-08 -1.09232e-05 -6.15856e-08 -3.12683e-05 -5.79262e-06 3.12683e-05 5.79262e-06
17.6453 -0.00284914 -0.00116349 0.00284914 0.00116349 -0.000185022 -3.12322e-05 0.000185022 3.12322e-05 -0.000129851 1.63114e-08 0.000129851 -1.63114e-08 -6.93018e-05 2.28065e-06 6.93018e-05 -2.28065e-06
17.75 -0.00249425 -0.001292 0.00249425 0.001292 0.000136887 -1.47358e-05 -0.000136887 1.47358e-05 1.4443e-05 -1.83342e-08 -1.4443e-05 1.83342e-08 2.0283e-05 1.66564e-06 -2.0283e-05 -1.66564e-06
17.8547 -0.00228238 -0.000906117 0.00228238 0.000906117 0.000131417 0.000170032 -0.000131417 -0.000170032 -5.47042e-06 -8.30465e-08 5.47042e-06 8.30465e-08 3.59726e-05 5.66057e-06 -3.59726e-05 -5.66057e-06
17.9594 -0.00242206 -0.00125835 0.00242206 0.00125835 0.000141871 -7.15936e-05 -0.000141871 7.15936e-05 -3.71214e-06 1.00879e-08 3.71214e-06 -1.00879e-08 -9.79323e-06 -1.09465e-06 9.79323e-06 1.09465e-06
18.0642 -0.00214999 -0.00117287 0.00214999 0.00117287 0.000303098 -4.7931e-05 -0.000303098 4.7931e-05 1.64753e-05 5.27514e-08 -1.64753e-05 -5.27514e-08 -5.06834e-05 -8.68022e-06 5.06834e-05 8.68022e-06
18.1689 -0.00216047 -0.00124255 0.00216047 0.00124255 0.000264115 -0.000122663 -0.000264115 0.000122663 -1.13982e-05 2.91441e-09 1.13982e-05 -2.91441e-09 -1.00015e-05 -3.82724e-07 1.00015e-05 3.82724e-07
18.2736 -0.00234909 -0.00117825 0.00234909 0.00117825 0.00014329 -0.000155948 -0.00014329 0.000155948 -3.99651e-05 4.05426e-08 3.99651e-05 -4.05426e-08 -5.13719e-05 -3.74017e-06 5.13719e-05 3.74017e-06
18.3783 -0.00219491 -0.00113849 0.00219491 0.00113849 0.000173991 -3.34237e-05 -0.000173991 3.34237e-05 -6.59095e-06 1.6802e-08 6.59095e-06 -1.6802e-08 -1.95879e-05 -2.18125e-06 1.95879e-05 2.18125e-06
18.483 -0.00235133 -0.00109166 0.00235133 0.00109166 7.66455e-05 -6.82745e-05 -7.66455e-05 6.82745e-05 1.83569e-05 1.26902e-08 -1.83569e-05 -1.26902e-08 5.27534e-07 -1.62778e-06 -5.27534e-07 1.62778e-06
18.5878 -0.00230384 -0.00113787 0.00230384 0.00113787 0.000118791 -4.93972e-05 -0.000118791 4.93972e-05 1.17226e-05 -6.18149e-08 -1.17226e-05 6.18149e-08 5.66393e-05 7.05436e-06 -5.66393e-05 -7.05436e-06
18.6925 -0.00211973 -0.00102912 0.00211973 0.00102912 0.000145676 -4.30116e-06 -0.000145676 4.30116e-06 1.55721e-05 -1.16871e-08 -1.55721e-05 1.16871e-08 1.77898e-05 1.07166e-06 -1.77898e-05 -1.07166e-06
18.7972 -0.00226278 -0.00125514 0.00226278 0.00125514 6.45403e-05 -0.000175176 -6.45403e-05 0.000175176 5.35673e-06 -2.09377e-08 -5.35673e-06 2.09377e-08 3.41372e-05 4.38329e-06 -3.41372e-05 -4.38329e-06
18.9019 -0.00220679 -0.00103402 0.00220679 0.00103402 8.95872e-05 -5.57102e-05 -8.95872e-05 5.57102e-05 -1.00708e-05 2.71174e-09 1.00708e-05 -2.71174e-09 -7.05687e-06 -7.70759e-08 7.05687e-06 7.70759e-08
19.0066 -0.00223847 -0.000943704 0.00223847 0.000943704 6.35583e-05 -7.71144e-06 -6.35583e-05 7.71144e-06 -8.68302e-06 4.58388e-08 8.68302e-06 -4.58388e-08 -3.25604e-05 -3.79433e-06 3.25604e-05 3.79433e-06
19.1114 -0.00226321 -0.00104786 0.00226321 0.00104786 5.72505e-05 -2.4233e-05 -5.72505e-05 2.4233e-05 -5.18863e-06 1.69955e-08 5.18863e-06 -1.69955e-08 -1.57361e-05 -1.76002e-06 1.57361e-05 1.76002e-06
19.2161 -0.00223463 -0.000959799 0.00223463 0.000959799 4.10533e-05 -1.72261e-07 -4.10533e-05 1.72261e-07 4.70267e-07 3.66315e-08 -4.70267e-07 -3.66315e-08 -2.41835e-05 -3.43796e-06 2.41835e-05 3.43796e-06
19.3208 -0.00206235 -0.00115296 0.00206235 0.00115296 0.000180753 -0.000126243 -0.000180753 0.000126243 9.59251e-08 -8.5774e-09 -9.59251e-08 8.5774e-09 1.95484e-05 2.69024e-06 -1.95484e-05 -2.69024e-06
19.4255 -0.00211546 -0.000890302 0.00211546 0.000890302 0.000122983 -8.14023e-05 -0.000122983 8.14023e-05 3.62395e-05 -5.69272e-08 -3.62395e-05 5.69272e-08 5.73275e-05 4.66472e-06 -5.73275e-05 -4.66472e-06
19.5302 -0.00213588 -0.000981356 0.00213588 0.000981356 6.96166e-05 -5.13806e-05 -6.96166e-05 5.13806e-05 2.83159e-05 -1.50086e-09 -2.83159e-05 1.50086e-09 1.51637e-05 -4.26322e-07 -1.51637e-05 4.26322e-07
19.635 -0.0021707 -0.00106437 0.0021707 0.00106437 1.03543e-05 -0.000155839 -1.03543e-05 0.000155839 -4.0525e-06 -1.01186e-08 4.0525e-06 1.01186e-08 9.24904e-06 1.65302e-06 -9.24904e-06 -1.65302e-06
19.7397 -0.0021814 -0.0010431 0.0021814 0.0010431 6.01755e-05 -0.00012557 -6.01755e-05 0.00012557 1.07785e-05 -5.44432e-09 -1.07785e-05 5.44432e-09 1.088e-05 5.52378e-07 -1.088e-05 -5.52378e-07
19.8444 -0.00224991 -0.000989955 0.00224991 0.000989955 -5.12172e-05 -0.000126204 5.12172e-05 0.000126204 -1.32198e-05 2.85293e-08 1.32198e-05 -2.85293e-08 -2.88482e-05 -2.83492e-06 2.88482e-05 2.83492e-06
19.9491 -0.00196997 -0.000831199 0.00196997 0.000831199 0.00010115 2.05627e-05 -0.00010115 -2.05627e-05 2.59724e-05 -2.64311e-08 -2.59724e-05 2.64311e-08 3.45207e-05 2.36531e-06 -3.45207e-05 -2.36531e-06
20.0538 -0.00201253 -0.000895459 0.00201253 0.000895459 0.000118945 -2.94179e-06 -0.000118945 2.94179e-06 2.77591e-07 5.45044e-08 -2.77591e-07 -5.45044e-08 -5.14655e-05 -6.94174e-06 5.14655e-05 6.94174e-06
20.1586 -0.00195592 -0.000832874 0.00195592 0.000832874 0.000132348 4.35076e-05 -0.000132348 -4.35076e-05 -1.75944e-05 -5.36031e-08 1.75944e-05 5.36031e-08 3.86894e-05 6.63726e-06 -3.86894e-05 -6.63726e-06
20.2633 -0.00191409 -0.000836422 0.00191409 0.000836422 0.000162029 1.22833e-05 -0.000162029 -1.22833e-05 -8.41281e-06 -2.51833e-08 8.41281e-06 2.51833e-08 2.07101e-05 3.43802e-06 -2.07101e-05 -3.43802e-06
20.368 -0.00174133 -0.000899941 0.00174133 0.000899941 0.000213327 -8.11407e-05 -0.000213327 8.11407e-05 6.38739e-05 -1.00933e-08 -6.38739e-05 1.00933e-08 5.5591e-05 1.80765e-06 -5.5591e-05 -1.80765e-06
20.4727 -0.00201245 -0.000935282 0.00201245 0.000935282 1.27731e-05 -0.000130825 -1.27731e-05 0.000130825 -1.35653e-05 2.33134e-08 1.35653e-05 -2.33134e-08 -3.47562e-05 -3.46955e-06 3.47562e-05 3.46955e-06
20.5774 -0.00202238 -0.00101812 0.00202238 0.00101812 4.70146e-05 -0.000186368 -4.70146e-05 0.000186368 -1.63065e-06 -6.28158e-09 1.63065e-06 6.28158e-09 1.08694e-05 1.60441e-06 -1.08694e-05 -1.60441e-06
20.6822 -0.0021105 -0.000895793 0.0021105 0.000895793 -7.79207e-05 -7.30291e-05 7.79207e-05 7.30291e-05 5.15595e-05 -3.5254e-09 -5.15595e-05 3.5254e-09 2.8461e-05 -6.89173e-07 -2.8461e-05 6.89173e-07
20.7869 -0.00220302 -0.000791209 0.00220302 0.000791209 -5.55869e-05 -6.68495e-06 5.55869e-05 6.68495e-06 2.05689e-06 1.51496e-08 -2.05689e-06 -1.51496e-08 -8.13639e-06 -1.29216e-06 8.13639e-06 1.29216e-06
20.8916 -0.00204254 -0.000834982 0.00204254 0.000834982 -2.81724e-05 -1.66993e-05 2.81724e-05 1.66993e-05 -3.19894e-06 4.81678e-08 3.19894e-06 -4.81678e-08 -4.32511e-05 -5.49615e-06 4.32511e-05 5.49615e-06
20.9963 -0.0018821 -0.000883232 0.0018821 0.000883232 7.01935e-05 -9.29563e-05 -7.01935e-05 9.29563e-05 4.70375e-06 -8.7413e-09 -4.70375e-06 8.7413e-09 1.58722e-05 1.66981e-06 -1.58722e-05 -1.66981e-06
21.101 -0.0018434 -0.00075947 0.0018434 0.00075947 0.000108896 -2.79044e-05 -0.000108896 2.79044e-05 -1.02281e-05 -3.69005e-08 1.02281e-05 3.69005e-08 3.24909e-05 5.02349e-06 -3.24909e-05 -5.02349e-06
21.2058 -0.00187765 -0.000874385 0.00187765 0.000874385 4.39496e-05 -8.8588e-05 -4.39496e-05 8.8588e-05 3.32017e-06 5.90985e-09 -3.32017e-06 -5.90985e-09 -7.79061e-06 -1.29028e-06 7.79061e-06 1.29028e-06
21.3105 -0.0017359 -0.000824718 0.0017359 0.000824718 0.000140358 -8.32262e-05 -0.000140358 8.32262e-05 1.32653e-05 1.22748e-08 -1.32653e-05 -1.22748e-08 -1.78753e-05 -3.34514e-06 1.78753e-05 3.34514e-06
21.4152 -0.00183512 -0.000808674 0.00183512 0.000808674 5.76749e-05 -8.01302e-05 -5.76749e-05 8.01302e-05 -2.21043e-06 1.94696e-08 2.21043e-06 -1.94696e-08 -2.74509e-05 -3.33611e-06 2.74509e-05 3.33611e-06
21.5199 -0.00190084 -0.00080413 0.00190084 0.00080413 3.77806e-05 -0.000129105 -3.77806e-05 0.000129105 3.58421e-06 -4.36357e-09 -3.58421e-06 4.36357e-09 6.79445e-06 5.80327e-07 -6.79445e-06 -5.80327e-07
21.6246 -0.00173374 -0.000634715 0.00173374 0.000634715 9.30301e-05 3.15275e-05 -9.30301e-05 -3.15275e-05 -1.48511e-05 -4.89943e-09 1.48511e-05 4.89943e-09 -2.90336e-06 8.36837e-07 2.90336e-06 -8.36837e-07
21.7293 -0.00190519 -0.000701719 0.00190519 0.000701719 -5.0901e-06 1.48531e-05 5.0901e-06 -1.48531e-05 -3.39315e-05 1.17868e-09 3.39315e-05 -1.17868e-09 -1.76377e-05 5.33788e-07 1.76377e-05 -5.33788e-07
21.8341 -0.0016848 -0.000735996 0.0016848 0.000735996 0.000102124 -2.7521e-05 -0.000102124 2.7521e-05 7.83047e-06 1.51881e-08 -7.83047e-06 -1.51881e-08 -2.01618e-05 -3.13163e-06 2.01618e-05 3.13163e-06
21.9388 -0.00177317 -0.000767869 0.00177317 0.000767869 1.53852e-05 -1.77543e-05 -1.53852e-05 1.77543e-05 -6.51674e-06 3.50248e-09 6.51674e-06 -3.50248e-09 -8.40855e-06 -5.26529e-07 8.40855e-06 5.26529e-07
22.0435 -0.00187025 -0.000841285 0.00187025 0.000841285 -1.66159e-05 -8.78016e-05 1.66159e-05 8.78016e-05 8.28543e-06 -1.29134e-09 -8.28543e-06 1.29134e-09 6.29704e-06 1.22181e-07 -6.29704e-06 -1.22181e-07
22.1482 -0.00174512 -0.000652231 0.00174512 0.000652231 1.86023e-05 1.54982e-05 -1.86023e-05 -1.54982e-05 9.63838e-06 1.3385e-08 -9.63838e-06 -1.3385e-08 -8.67396e-06 -1.86146e-06 8.67396e-06 1.86146e-06
22.2529 -0.00170517 -0.000724368 0.00170517 0.000724368 2.59366e-05 -8.86555e-05 -2.59366e-05 8.86555e-05 -2.21754e-06 -1.23819e-08 2.21754e-06 1.23819e-08 1.79595e-05 2.40237e-06 -1.79595e-05 -2.40237e-06
22.3577 -0.00170049 -0.000681549 0.00170049 0.000681549 6.7916e-05 -1.09285e-05 -6.7916e-05 1.09285e-05 -1.44069e-06 5.127e-09 1.44069e-06 -5.127e-09 -7.29828e-06 -7.86827e-07 7.29828e-06 7.86827e-07
22.4624 -0.00154933 -0.000574664 0.00154933 0.000574664 0.000154097 -5.87403e-06 -0.000154097 5.87403e-06 1.93663e-05 1.4339e-08 -1.93663e-05 -1.4339e-08 -7.16502e-06 -2.34739e-06 7.16502e-06 2.34739e-06
22.5671 -0.00168364 -0.000810419 0.00168364 0.000810419 6.90288e-05 -0.000121414 -6.90288e-05 0.000121414 -1.97119e-07 -3.34904e-09 1.97119e-07 3.34904e-09 1.30464e-05 1.62664e-06 -1.30464e-05 -1.62664e-06
22.6718 -0.00160585 -0.000670592 0.00160585 0.000670592 9.47973e-05 -8.1114e-05 -9.47973e-05 8.1114e-05 1.1933e-06 -1.80126e-08 -1.1933e-06 1.80126e-08 3.08705e-05 3.63933e-06 -3.08705e-05 -3.63933e-06
22.7765 -0.00166928 -0.000658526 0.00166928 0.000658526 1.24406e-05 -8.48239e-05 -1.24406e-05 8.48239e-05 4.23504e-06 -9.36321e-09 -4.23504e-06 9.36321e-09 1.46952e-05 1.45496e-06 -1.46952e-05 -1.45496e-06
22.8813 -0.00159141 -0.000681682 0.00159141 0.000681682 6.95905e-05 -6.10513e-05 -6.95905e-05 6.10513e-05 -1.91131e-06 -6.55054e-09 1.91131e-06 6.55054e-09 1.21838e-05 1.61509e-06 -1.21838e-05 -1.61509e-06
22.986 -0.00155843 -0.000579379 0.00155843 0.000579379 0.000105168 1.93575e-06 -0.000105168 -1.93575e-06 9.95093e-06 2.1623e-08 -9.95093e-06 -2.1623e-08 -2.24231e-05 -3.42854e-06 2.24231e-05 3.42854e-06
23.0907 -0.00171506 -0.000462171 0.00171506 0.000462171 -6.27498e-05 7.5537e-05 6.27498e-05 -7.5537e-05 -1.02512e-05 -2.31491e-08 1.02512e-05 2.31491e-08 1.0543e-05 2.09693e-06 -1.0543e-05 -2.09693e-06
23.1954 -0.00151447 -0.000588494 0.00151447 0.000588494 7.26044e-05 -1.32041e-05 -7.26044e-05 1.32041e-05 -3.25866e-06 9.95364e-09 3.25866e-06 -9.95364e-09 -1.68861e-05 -1.73501e-06 1.68861e-05 1.73501e-06
23.3001 -0.00135949 -0.000481322 0.00135949 0.000481322 0.000180897 4.74192e-05 -0.000180897 -4.74192e-05 2.79796e-06 1.79656e-09 -2.79796e-06 -1.79656e-09 -1.05009e-06 -3.24765e-07 1.05009e-06 3.24765e-07
23.4049 -0.00159568 -0.000454892 0.00159568 0.000454892 6.80414e-05 1.67617e-05 -6.80414e-05 -1.67617e-05 -3.17702e-05 -3.07453e-09 3.17702e-05 3.07453e-09 -1.31506e-05 8.57578e-07 1.31506e-05 -8.57578e-07
23.5096 -0.00142437 -0.000762804 0.00142437 0.000762804 0.000165019 -0.000142836 -0.000165019 0.000142836 6.59574e-06 8.0571e-09 -6.59574e-06 -8.0571e-09 4.7941e-05 5.06379e-06 -4.7941e-05 -5.06379e-06
23.6143 -0.00149839 -0.000678273 0.00149839 0.000678273 0.00010574 -0.000109161 -0.00010574 0.000109161 -4.81288e-07 8.00066e-09 4.81288e-07 -8.00066e-09 -3.25128e-05 -3.7759e-06 3.25128e-05 3.7759e-06
23.719 -0.00154764 -0.000711236 0.00154764 0.000711236 -1.42803e-06 -0.000112587 1.42803e-06 0.000112587 5.78679e-06 -6.86042e-09 -5.78679e-06 6.86042e-09 3.63427e-05 3.84947e-06 -3.63427e-05 -3.84947e-06
23.8237 -0.00158197 -0.000584344 0.00158197 0.000584344 4.8444e-06 -5.8293e-05 -4.8444e-06 5.8293e-05 -2.8936e-06 -1.40473e-08 2.8936e-06 1.40473e-08 1.82624e-05 2.38452e-06 -1.82624e-05 -2.38452e-06
23.9285 -0.00154215 -0.000555529 0.00154215 0.000555529 -1.45358e-05 -1.86296e-05 1.45358e-05 1.86296e-05 -1.24922e-06 1.96955e-08 1.24922e-06 -1.96955e-08 -2.7479e-05 -3.12157e-06 2.7479e-05 3.12157e-06
24.0332 -0.00157512 -0.000614458 0.00157512 0.000614458 -3.29886e-05 -6.12192e-05 3.29886e-05 6.12192e-05 -1.05518e-05 -4.52603e-09 1.05518e-05 4.52603e-09 2.7845e-06 1.1461e-06 -2.7845e-06 -1.1461e-06
24.1379 -0.00152243 -0.000587258 0.00152243 0.000587258 4.56625e-05 -3.88769e-05 -4.56625e-05 3.88769e-05 6.89144e-07 -2.09867e-08 -6.89144e-07 2.09867e-08 3.785e-05 4.36026e-06 -3.785e-05 -4.36026e-06
24.2426 -0.00151775 -0.000480041 0.00151775 0.000480041 2.28722e-05 2.81698e-05 -2.28722e-05 -2.81698e-05 -4.11023e-06 -1.82674e-08 4.11023e-06 1.82674e-08 1.76632e-05 2.35295e-06 -1.76632e-05 -2.35295e-06
24.3473 -0.00138385 -0.000562081 0.00138385 0.000562081 9.73069e-05 -5.57536e-05 -9.73069e-05 5.57536e-05 2.55977e-06 6.6523e-10 -2.55977e-06 -6.6523e-10 -4.77821e-07 -2.42103e-07 4.77821e-07 2.42103e-07
24.4521 -0.00138979 -0.000536749 0.00138979 0.000536749 9.34387e-05 1.69291e-05 -9.34387e-05 -1.69291e-05 3.17515e-06 -7.51174e-09 -3.17515e-06 7.51174e-09 1.74051e-05 1.73061e-06 -1.74051e-05 -1.73061e-06
24.5568 -0.00138882 -0.000557189 0.00138882 0.000557189 5.62332e-05 -5.64215e-05 -5.62332e-05 5.64215e-05 4.05474e-06 -1.87405e-10 -4.05474e-06 1.87405e-10 2.48442e-06 -1.9849e-08 -2.48442e-06 1.9849e-08
24.6615 -0.00138318 -0.000563756 0.00138318 0.000563756 5.98602e-05 -3.03448e-05 -5.98602e-05 3.03448e-05 -1.36751e-06 -2.49712e-09 1.36751e-06 2.49712e-09 6.59916e-06 8.42043e-07 -6.59916e-06 -8.42043e-07
24.7662 -0.0015174 -0.000555047 0.0015174 0.000555047 -2.18033e-05 -9.1966e-05 2.18033e-05 9.1966e-05 7.32372e-06 1.14251e-08 -7.32372e-06 -1.14251e-08 -1.54736e-05 -2.34127e-06 1.54736e-05 2.34127e-06
24.8709 -0.00141575 -0.000516361 0.00141575 0.000516361 4.10672e-05 -6.62943e-05 -4.10672e-05 6.62943e-05 1.21695e-05 -2.40315e-09 -1.21695e-05 2.40315e-09 1.03536e-05 2.72344e-07 -1.03536e-05 -2.72344e-07
24.9757 -0.00142049 -0.000544013 0.00142049 0.000544013 3.67291e-06 -3.08371e-05 -3.67291e-06 3.08371e-05 1.40047e-05 -7.94092e-10 -1.40047e-05 7.94092e-10 8.68846e-06 -5.50037e-08 -8.68846e-06 5.50037e-08
