0.0523599 0.160789 -0.0813587 0.0699957 -0.0140161 -0.00441953 0.0222001 0.0963232 0.00413517 -0.0335495 8.62305e-19 -0.0623818 1.68496e-17 0.00722632 0.000851385 0.0394533 0.00518882
0.15708 0.179101 -0.107113 0.0520584 -0.0263292 -0.00514964 0.0258325 0.0870929 0.00426724 -0.0122969 -9.65161e-19 -0.019216 4.4318e-18 0.00246704 0.000555422 0.0108143 0.00226245
0.261799 0.180557 -0.101334 0.043496 -0.016646 -0.00409601 0.017861 0.082011 0.00261014 -0.00519808 -5.69263e-19 -0.00870371 3.49743e-19 0.00128985 0.000103571 0.00433791 0.000845335
0.366519 0.185529 -0.104099 0.0376634 -0.0165605 -0.00551545 0.0155482 0.0767641 0.000530988 -0.000439294 1.01516e-19 -0.00432676 4.95901e-19 0.00065101 2.93306e-05 0.00072749 -4.09784e-05
0.471239 0.18893 -0.107566 0.0314804 -0.00675674 -0.00591783 0.00832568 0.0723026 -0.00131369 -0.000628742 2.35475e-20 -0.00199745 1.72671e-19 0.000313749 3.07767e-06 0.00050799 9.19571e-05
0.575959 0.179603 -0.104916 0.0250861 -0.00769373 -0.00232117 0.00720186 0.070165 -0.00559889 0.000362732 -1.69724e-20 0.00066945 -1.44678e-19 -0.000106124 -1.55209e-06 -0.000252888 -5.05329e-05
0.680678 0.181316 -0.10968 0.0287443 -0.00265318 -0.0058999 0.00537819 0.0676075 -0.0064824 -0.00281494 -2.85661e-19 -0.00275922 9.66305e-20 0.000459142 -3.34541e-05 0.0017333 0.000397534
0.785398 0.17466 -0.111738 0.029191 -0.00444328 -0.00608496 0.00567541 0.0658962 -0.00950966 -0.00198668 5.86665e-21 -0.000526497 1.73912e-19 5.24123e-05 -3.34399e-05 0.00106547 0.000248549
0.890118 0.173301 -0.108818 0.0261883 -0.00752974 -0.0057606 0.00591795 0.0621127 -0.0125942 0.00132458 1.6923e-22 0.00140222 -1.69033e-19 -0.000226081 8.85936e-06 -0.000785471 -0.000139873
0.994838 0.168778 -0.115006 0.0249047 -0.00637525 -0.00555872 0.00552958 0.0602504 -0.013774 -0.00232424 -2.26205e-20 -0.00115026 1.67143e-19 0.000147358 -4.14577e-05 0.00123581 0.000236934
1.09956 0.166905 -0.118601 0.0185898 -0.0058482 -0.00296573 0.0044471 0.0575134 -0.0152753 0.000416711 -1.70059e-20 -0.000898798 6.57601e-20 0.00017737 1.18004e-05 -0.000140473 -4.26886e-05
1.20428 0.165117 -0.115622 0.0188244 -0.00355855 -0.00391215 0.00287604 0.0545625 -0.0174361 0.000699774 7.14055e-20 0.00188079 2.74153e-20 -0.000364846 5.5386e-07 -0.000480827 -6.7756e-05
1.309 0.160311 -0.122427 0.0176048 -4.70894e-05 -0.00382305 0.00190784 0.0527665 -0.0173285 0.000758211 -1.5273e-20 0.000160537 -2.23031e-20 -1.17262e-05 1.85896e-05 -0.000369738 -6.06494e-05
1.41372 0.15926 -0.119285 0.0159461 -0.0045594 -0.00350058 0.00266685 0.0493922 -0.0202087 -0.000658525 1.99551e-20 -0.000732711 5.52537e-20 0.000139925 -2.88298e-06 0.000363643 4.99515e-05
1.51844 0.155648 -0.122736 0.0140235 0.000802612 -0.00280782 0.000832193 0.0476234 -0.0199929 0.00040051 -1.85448e-20 -0.000308653 2.30224e-20 8.16252e-05 9.25788e-06 -0.000163773 -2.15461e-05
1.62316 0.154645 -0.120274 0.0145597 -0.00295495 -0.00333256 0.00143214 0.0446557 -0.02258 -0.00111648 8.74921e-20 -0.00111773 1.37951e-19 0.000231376 -4.45127e-06 0.000604585 6.92855e-05
1.72788 0.147817 -0.126107 0.0148007 0.00114221 -0.00374088 0.000507802 0.0433856 -0.0216312 -0.000366945 -3.77243e-21 0.000103781 -4.8689e-21 -3.40232e-05 -7.64476e-06 0.000163526 1.88319e-05
1.8326 0.148836 -0.12413 0.0108326 -0.000458393 -0.00269848 0.000924005 0.0396856 -0.0227415 -0.00209717 9.17792e-20 -0.00233149 1.97153e-19 0.000499078 -3.00271e-05 0.00108669 9.18916e-05
1.93732 0.136096 -0.12489 0.0163943 -0.00153584 -0.00429782 0.00125777 0.0403709 -0.02391 0.000974104 -7.25998e-20 0.000669599 -3.12794e-20 -0.000125982 1.86291e-05 -0.000490606 -4.81027e-05
2.04204 0.134757 -0.125759 0.0198292 -0.0012405 -0.00590262 0.00130791 0.0383763 -0.0243406 -0.000464101 4.07281e-20 0.000266036 -4.66371e-20 -8.45529e-05 -9.54402e-06 0.000189801 1.51205e-05
2.14675 0.135871 -0.127087 0.012179 0.00225751 -0.00357386 -0.000480804 0.0347074 -0.023972 0.00176422 -6.03024e-20 0.00105054 4.76101e-20 -0.000221641 2.92823e-05 -0.000861197 -6.64174e-05
2.25147 0.133625 -0.125408 0.00822569 -0.000339933 -0.00184898 0.000430944 0.032446 -0.0246763 2.95964e-05 -3.87557e-21 -0.000152092 6.84325e-21 3.89727e-05 5.20543e-07 -6.46207e-06 -7.27098e-07
2.35619 0.131481 -0.126636 0.0117255 -0.000382389 -0.00344442 0.000462054 0.0306317 -0.0248883 0.000180715 1.00551e-20 0.000152343 1.48782e-20 -3.5549e-05 2.57088e-06 -9.00795e-05 -4.47465e-06
2.46091 0.128745 -0.126837 0.00579189 0.00145654 -0.00111772 -0.000440153 0.0285844 -0.0245928 -0.0012297 -3.84999e-20 -0.000527062 1.96025e-20 0.000118597 -1.60838e-05 0.000579236 1.98412e-05
2.56563 0.126314 -0.125314 0.00471381 -0.00057648 -0.000674735 0.00013596 0.0267535 -0.0252873 -0.000600839 -7.2769e-21 -0.000772598 -5.69742e-21 0.000197337 -4.203e-06 0.000303257 4.26152e-06
2.67035 0.124854 -0.127249 0.00744379 0.00340892 -0.0020812 -0.00135306 0.0249685 -0.0246574 -0.00117451 -3.49461e-20 -0.000161655 -9.92395e-20 2.58232e-05 -1.46603e-05 0.000541961 1.05495e-05
2.77507 0.119737 -0.124829 0.0071897 0.00301391 -0.00219603 -0.00160118 0.0239221 -0.0254761 0.000111751 2.15132e-21 -0.000415932 -1.33974e-20 0.000107587 2.31544e-06 -4.6129e-05 2.86817e-06
2.87979 0.117447 -0.123088 0.0088048 -0.00166871 -0.00270446 0.000515691 0.0224373 -0.0259219 0.000605041 2.57089e-20 0.000584291 7.00613e-20 -0.000152164 3.95344e-06 -0.000299382 -1.26391e-06
2.98451 0.112433 -0.125747 0.010234 -0.00204612 -0.00333171 0.00108674 0.0215938 -0.0246538 0.00129411 7.50254e-21 0.00131992 4.08973e-21 -0.000343137 1.66106e-05 -0.000634915 -5.7225e-06
3.08923 0.113262 -0.126153 0.0065655 -0.00094449 -0.00188889 0.000604167 0.019231 -0.0241276 -0.000676952 1.95743e-20 -0.000625606 1.54141e-20 0.00017043 -7.83256e-06 0.000325619 -4.47959e-06
3.19395 0.106636 -0.122067 0.00793195 -0.00436743 -0.00234477 0.00169557 0.0192411 -0.025213 -0.000886544 -3.30563e-20 -0.000311781 -4.7596e-20 7.1315e-05 -7.79566e-06 0.000411448 -3.62569e-06
3.29867 0.109733 -0.124621 0.00478523 -0.00299776 -0.00125217 0.00118671 0.0161965 -0.0241406 0.000235149 -9.30062e-21 -0.00028329 1.28403e-20 8.87824e-05 3.2053e-06 -9.89339e-05 -5.16117e-07
3.40339 0.105624 -0.12045 0.00381932 -0.00148319 -0.000986757 0.000255431 0.015732 -0.0249914 -0.000909549 -1.08871e-20 -0.00152353 3.01794e-20 0.000442616 2.33511e-06 0.000457342 -1.71133e-05
3.50811 0.100938 -0.122564 0.00659194 0.00157508 -0.00229627 -0.00102057 0.0153126 -0.0238574 0.000564917 8.3487e-21 0.00125217 2.12102e-20 -0.000363262 -2.09608e-06 -0.000280007 -5.1049e-06
3.61283 0.101113 -0.123229 0.00474737 0.00331075 -0.00151102 -0.00150375 0.0135603 -0.022926 -0.00125993 6.56332e-20 -0.000746786 -8.77177e-21 0.000225904 -1.02429e-05 0.000592189 -1.67388e-05
3.71755 0.0962774 -0.122036 0.00609067 0.000703197 -0.00194038 -0.000493089 0.0134937 -0.0228479 -0.000131347 8.58667e-21 -0.00042839 1.26923e-21 0.000132194 -1.47785e-06 7.10585e-05 -1.75068e-06
3.82227 0.0965399 -0.122814 0.00422734 0.000175806 -0.00128303 -0.000185515 0.0115904 -0.0220521 0.000969002 -4.01358e-20 0.000710175 5.95973e-20 -0.000219899 6.05441e-06 -0.000458251 1.67004e-05
3.92699 0.0933877 -0.120078 0.00512588 -0.000801865 -0.00167849 3.85623e-05 0.0111663 -0.0225244 -7.21007e-05 -6.02883e-22 -0.000108141 -6.53652e-21 3.3983e-05 -1.92169e-07 3.57032e-05 -1.39954e-06
4.03171 0.0923587 -0.118501 0.00323734 -0.0016605 -0.00100565 0.000574027 0.00990709 -0.0222837 -0.000275338 -1.10564e-20 -0.000363947 -1.98423e-20 0.00011222 4.26688e-07 0.000130947 -7.32783e-06
4.13643 0.087324 -0.118384 0.00479683 -0.00152796 -0.00145996 0.000377834 0.0103146 -0.0217311 0.00112197 4.11512e-20 0.00119777 9.65177e-20 -0.000377029 9.33856e-06 -0.0005415 2.66942e-05
4.24115 0.0860721 -0.116231 0.00417167 -0.00139724 -0.00134796 0.000342205 0.00933909 -0.0218077 -0.000445899 3.53973e-21 -0.000308764 -1.97294e-20 9.57272e-05 -2.1758e-06 0.000209139 -1.10142e-05
4.34587 0.0854626 -0.115418 0.00526577 -0.00123445 -0.00190683 0.000249429 0.00820948 -0.0216172 0.000913726 2.2423e-20 0.000783046 7.66331e-20 -0.000249213 3.09275e-06 -0.000433945 2.33602e-05
4.45059 0.083734 -0.11366 0.00550366 -0.00189123 -0.00197251 0.000525585 0.00763443 -0.0216034 -8.38314e-05 2.4274e-21 1.34833e-05 -4.75894e-21 -5.8441e-06 -2.63202e-07 3.71931e-05 -2.12639e-06
4.55531 0.0826823 -0.116303 0.00423673 -0.000671154 -0.0014657 0.000156931 0.00652875 -0.0199445 -0.00060765 -4.54524e-20 -0.000681805 -8.79292e-20 0.000226115 -2.93131e-06 0.000288203 -1.82211e-05
4.66003 0.0802577 -0.115294 0.00537203 -0.000705545 -0.00191794 6.00302e-05 0.00626487 -0.0197451 0.000121847 2.65833e-21 -7.57076e-05 3.08316e-21 2.83808e-05 3.40179e-07 -5.27476e-05 2.52959e-06
4.76475 0.0793145 -0.113951 0.00412017 0.000752505 -0.0014527 -0.000530578 0.00545945 -0.0195181 -0.000243515 3.51153e-21 -0.00028292 -1.44269e-20 9.61074e-05 -1.33433e-06 0.0001154 -7.68456e-06
4.86947 0.0757973 -0.112276 0.00461586 -0.000117307 -0.00164142 -0.000308366 0.00566903 -0.0194928 -0.000363663 4.34358e-21 -0.000485748 -3.66525e-20 0.000167438 -3.15001e-06 0.00017771 -1.16245e-05
4.97419 0.0757631 -0.1112 0.00412873 0.000510661 -0.00153727 -0.00052923 0.00457826 -0.0192713 -0.000142789 -5.49999e-21 0.000299091 -9.66023e-21 -0.000107062 1.80032e-07 5.83712e-05 -3.74837e-06
5.07891 0.0753132 -0.11099 0.00451824 -0.00141449 -0.00181252 0.000356795 0.0035437 -0.0187684 0.000220878 8.41216e-21 0.00029044 1.80865e-20 -0.000101595 -4.42227e-07 -0.000106686 7.04448e-06
5.18363 0.0734245 -0.109565 0.00348714 -0.00206969 -0.00136769 0.000664274 0.0032687 -0.0185603 0.000272326 -6.50832e-21 0.000227246 7.69998e-21 -7.90214e-05 1.61527e-08 -0.000129071 9.67011e-06
5.28835 0.0711525 -0.111597 0.00323774 0.000490477 -0.00109729 -0.000320624 0.00315237 -0.0169637 0.000243445 6.16985e-21 0.000155747 1.99939e-20 -5.55662e-05 2.23272e-06 -0.000113764 8.86972e-06
5.39307 0.0691186 -0.110079 0.00238451 -0.00102499 -0.000837235 0.000229042 0.00289369 -0.0169335 4.75661e-05 3.87143e-21 -0.000319873 6.62819e-22 0.000115472 1.1334e-06 -1.75545e-05 2.04365e-07
5.49779 0.0678897 -0.107454 0.00380471 -0.0016817 -0.00148426 0.000467298 0.00258372 -0.0173412 -0.000548078 -6.81152e-21 -0.000427687 -2.96294e-20 0.000151557 -1.53591e-06 0.000258812 -1.90657e-05
5.60251 0.0667524 -0.107711 0.00202186 -0.000475853 -0.000689448 -4.19247e-05 0.00211413 -0.0165739 0.000318311 -2.53845e-22 0.000506379 2.88538e-20 -0.000186309 1.16304e-06 -0.000154845 1.35326e-05
5.70723 0.0672969 -0.108217 0.0025045 0.00077863 -0.000966281 -0.00047408 0.000944741 -0.0157713 -0.000337055 -3.11948e-20 -0.000642781 -7.58857e-20 0.000230946 5.84594e-06 0.000151541 -7.46581e-06
5.81195 0.0625958 -0.10538 0.00347609 0.000701471 -0.00138686 -0.000633459 0.00209011 -0.0161578 -3.06272e-05 -7.68588e-22 1.94858e-05 -1.53321e-21 -7.38655e-06 1.01298e-08 1.36171e-05 -9.09144e-07
5.91667 0.0643741 -0.106294 0.00191639 0.000417904 -0.000717008 -0.000290332 0.000505644 -0.0151783 -0.000309377 1.14936e-21 -0.00023138 -1.2523e-20 8.84774e-05 -1.48785e-06 0.00014664 -1.29427e-05
6.02139 0.0630104 -0.10396 0.00341423 -0.00134051 -0.00146437 0.000365669 0.000316921 -0.0155826 0.000141851 1.14583e-20 0.000162688 1.92288e-20 -6.08904e-05 -3.62399e-07 -6.79981e-05 5.12429e-06
6.12611 0.0591564 -0.103704 0.00488654 -0.00207783 -0.00198168 0.000622934 0.00116561 -0.0149583 9.94174e-06 1.93034e-21 0.000275851 1.15641e-21 -0.000106976 2.1556e-06 -1.27418e-05 2.62908e-06
6.23083 0.0595645 -0.102967 0.00218265 -0.00194046 -0.000850042 0.000650491 0.000262088 -0.0146229 0.000652592 -1.78397e-20 0.000329167 4.36544e-20 -0.000122247 1.25754e-06 -0.000305107 2.43404e-05
6.33555 0.0589619 -0.10093 0.00233158 -0.00245201 -0.000998255 0.000862214 -0.000145207 -0.0148665 -0.000222352 -3.03204e-22 -0.000250016 -1.35525e-20 9.47046e-05 1.85103e-07 0.00010714 -9.36735e-06
6.44026 0.0581618 -0.100956 0.00172576 -0.000793997 -0.000696241 0.000171818 -0.000490533 -0.0142388 0.000658587 1.71769e-20 0.00065042 4.88935e-20 -0.000249029 -1.34869e-07 -0.000312166 2.73448e-05
6.54498 0.0559491 -0.100467 0.00220509 -0.00158136 -0.000883196 0.000486037 -0.000243509 -0.0137901 0.000122324 1.55128e-21 0.000113439 1.10634e-20 -4.35912e-05 3.66376e-07 -5.82581e-05 4.9522e-06
6.6497 0.0557476 -0.100423 0.00224992 0.000584073 -0.000943655 -0.000455657 -0.000844495 -0.0132643 -0.00022441 -9.75895e-21 -0.000194901 -1.47548e-20 7.65616e-05 -2.93444e-08 0.000106261 -8.21593e-06
6.75442 0.0543364 -0.0987473 0.00279535 -0.000862401 -0.00116672 0.000171264 -0.000775425 -0.0133418 0.000744068 8.3487e-21 0.000598591 4.70883e-20 -0.000231618 1.78307e-06 -0.000351983 2.88925e-05
6.85914 0.0528369 -0.0982454 0.00289207 1.75916e-05 -0.00120218 -0.000196829 -0.000745874 -0.0129079 0.000225038 1.09753e-20 9.90079e-06 2.15901e-20 -3.35349e-06 6.37635e-07 -0.000104304 8.24573e-06
6.96386 0.0531963 -0.0977757 0.0025263 -0.00075671 -0.00108834 0.000160262 -0.00150182 -0.012624 -0.00027524 1.60275e-20 -0.000355836 -2.31281e-21 0.000140901 -3.94111e-08 0.000132113 -1.10779e-05
7.06858 0.0515753 -0.0973573 0.00161474 -0.000432761 -0.000663417 4.21339e-05 -0.00138192 -0.0121539 6.79711e-05 7.14645e-21 0.000169832 1.77516e-20 -6.73149e-05 -2.32251e-07 -3.29509e-05 2.84834e-06
7.1733 0.0501711 -0.0964904 0.00218842 -6.95255e-05 -0.000906489 -0.000135989 -0.00129609 -0.0119325 0.000183771 -1.6923e-22 0.000169631 1.70958e-20 -6.74338e-05 5.03836e-07 -8.6961e-05 7.03691e-06
7.27802 0.0498495 -0.095369 0.00158655 -0.00115099 -0.000682332 0.000379046 -0.00167119 -0.0118594 0.000121016 2.66714e-21 -4.82268e-05 3.64021e-21 1.89429e-05 6.86727e-07 -5.63289e-05 4.80505e-06
7.38274 0.0491842 -0.0955839 0.00244593 -0.00125736 -0.00106938 0.000417416 -0.00194672 -0.0112613 -7.87051e-05 -1.70993e-22 -1.04358e-06 -4.13226e-21 4.09545e-07 -3.66887e-07 3.6977e-05 -3.06317e-06
7.48746 0.0474271 -0.0933102 0.00189593 -0.00159898 -0.000876014 0.000526963 -0.00162419 -0.0116353 -0.00026845 2.51025e-21 -8.9095e-05 -1.86065e-20 3.49933e-05 5.52217e-07 0.00012566 -9.17733e-06
7.59218 0.0467467 -0.0936574 0.00183886 -5.96236e-05 -0.000784012 -0.000128225 -0.0018053 -0.0109497 -0.000177968 1.16698e-21 7.38165e-06 -2.2282e-20 -3.19181e-06 -2.7121e-07 8.28846e-05 -6.44507e-06
7.6969 0.046566 -0.0927578 0.00155188 -0.000878212 -0.000708002 0.000273107 -0.00219878 -0.010823 -0.000290962 -1.17615e-20 -0.000324276 -2.47217e-20 0.000131631 8.13104e-07 0.000138784 -1.10047e-05
7.80162 0.0443863 -0.0919534 0.00093914 -0.000635707 -0.000371874 0.000135647 -0.00164878 -0.0105738 -4.25284e-05 -9.94669e-22 -0.000162617 -1.22974e-20 6.68056e-05 -7.03432e-07 2.21812e-05 -2.78879e-06
7.90634 0.0442478 -0.0918659 0.00199096 7.15143e-05 -0.000839319 -0.000180025 -0.00203477 -0.010149 6.14317e-05 -4.79486e-22 8.56894e-05 4.11794e-21 -3.52363e-05 2.74298e-07 -2.94006e-05 2.42464e-06
8.01106 0.04419 -0.0901886 0.00183071 0.000547244 -0.00080974 -0.000402937 -0.00237789 -0.010416 6.20102e-05 -2.51113e-21 -0.000156071 9.53331e-21 6.44326e-05 -1.52557e-07 -2.76495e-05 2.29389e-06
8.11578 0.043071 -0.0902363 0.00199305 -0.000613262 -0.000910454 0.000142948 -0.00236498 -0.00985874 0.000135716 -2.23525e-21 8.47619e-05 5.52819e-21 -3.51771e-05 1.37148e-07 -6.45872e-05 5.00094e-06
8.2205 0.0431995 -0.0889926 0.00210296 -0.000970292 -0.000962688 0.000316034 -0.00274526 -0.00995267 -0.000279284 1.61121e-20 -0.000156142 -1.20541e-20 6.45115e-05 -4.4048e-07 0.000132705 -1.13001e-05
8.32522 0.0420749 -0.0890088 0.000542388 -0.00086737 -0.000278031 0.000324174 -0.00270815 -0.00939735 -8.42945e-05 -2.19471e-21 -0.000247541 -4.50928e-21 0.000100087 3.43043e-06 3.83959e-05 -1.03307e-06
8.42994 0.0406865 -0.0879457 0.00137671 -0.00153242 -0.000640754 0.000552702 -0.00242017 -0.00939423 -0.000184048 -1.09013e-20 -0.000293234 -2.95377e-20 0.000123137 -8.58341e-07 9.08632e-05 -8.35711e-06
8.53466 0.0409058 -0.0881287 0.000474344 -0.00122157 -0.000238792 0.000490892 -0.00292447 -0.00885098 -0.000159783 -2.96506e-21 -6.28941e-05 -1.49205e-20 2.75426e-05 -8.53043e-07 7.68547e-05 -7.03068e-06
8.63938 0.0402948 -0.0871887 -0.000132795 -0.000824284 3.00494e-05 0.000297123 -0.0029816 -0.0088207 5.47333e-06 -8.10895e-22 1.49324e-05 -7.91945e-22 -6.3268e-06 -4.16425e-08 -2.71581e-06 2.72351e-07
8.7441 0.0391032 -0.0865115 0.000730918 7.67702e-05 -0.000321023 -0.000126724 -0.00275703 -0.00862625 -0.000105191 3.18541e-21 -4.329e-05 -2.96594e-21 1.86353e-05 -2.77825e-07 5.00532e-05 -4.20191e-06
8.84882 0.038143 -0.0861578 0.00115375 0.000783578 -0.000501762 -0.0004469 -0.0026719 -0.0083043 -7.35195e-05 2.55079e-21 -8.432e-05 -3.783e-21 3.55608e-05 1.82602e-07 3.46986e-05 -2.41315e-06
8.95354 0.0373608 -0.0848027 0.000965652 -0.000385005 -0.000446727 7.26242e-05 -0.00260373 -0.00845456 -0.00022656 1.27275e-21 -0.000232807 -2.10868e-20 9.8452e-05 -4.24405e-08 0.000108398 -8.46348e-06
9.05826 0.0376428 -0.0849501 0.00217904 8.39147e-05 -0.000997057 -0.000143901 -0.00307394 -0.00801219 0.000163459 -6.63171e-21 0.000253606 1.15288e-20 -0.00010744 -1.16515e-06 -7.7581e-05 4.37567e-06
9.16298 0.0368459 -0.0844012 0.00142387 -4.67347e-05 -0.000636276 -4.52137e-05 -0.00300367 -0.00778084 -6.0804e-06 9.5557e-23 -3.14046e-05 -6.09494e-22 1.27241e-05 7.22036e-07 2.28406e-06 4.80647e-07
9.2677 0.0363149 -0.0831833 0.0015848 -0.000933182 -0.00073556 0.000338249 -0.00302166 -0.00791621 -2.80305e-05 -2.8489e-21 -0.000186141 -1.80019e-20 7.86031e-05 9.18713e-07 1.37823e-05 -3.68754e-07
9.37242 0.0354343 -0.0825977 0.000582968 -0.000702376 -0.000273797 0.000254809 -0.0029102 -0.00772583 1.99737e-05 4.08533e-22 -2.24991e-05 1.20621e-21 9.37819e-06 2.48767e-07 -9.50102e-06 8.71957e-07
9.47714 0.0348118 -0.0830263 0.000821011 -7.26766e-06 -0.000357192 -7.66414e-05 -0.00295626 -0.00713683 0.000113048 1.04711e-21 0.000116092 1.33551e-20 -5.03135e-05 1.71896e-07 -5.41019e-05 4.26785e-06
9.58186 0.034043 -0.0820799 0.00112717 -8.49278e-05 -0.000504551 -4.74065e-05 -0.00285614 -0.00713753 -0.000275026 -2.51801e-20 -0.000221927 -3.94095e-20 9.60847e-05 -6.16819e-07 0.000131473 -1.0052e-05
9.68658 0.0328586 -0.08159 0.00132727 3.39815e-05 -0.000594524 -0.00011192 -0.00259025 -0.00692183 -4.60309e-05 -3.79094e-21 -5.59469e-05 -6.43075e-21 2.42599e-05 -1.54595e-07 2.21202e-05 -1.58815e-06
9.7913 0.0330814 -0.0802869 0.000910684 -0.000324136 -0.000423789 6.01837e-05 -0.0028964 -0.00715095 -6.10415e-05 1.31153e-21 -4.00228e-05 -3.508e-21 1.7277e-05 -7.85278e-09 2.91041e-05 -2.1738e-06
9.89602 0.0321932 -0.0796893 0.00171041 -0.000455275 -0.000799365 9.63398e-05 -0.0027458 -0.00701867 0.000123983 3.85528e-21 0.000163704 1.73144e-20 -7.11263e-05 5.24779e-07 -6.02512e-05 4.43275e-06
10.0007 0.0321642 -0.0794769 0.000833683 6.21197e-05 -0.00038877 -9.96844e-05 -0.00298516 -0.00673593 -8.48844e-05 -4.32066e-21 -1.4089e-05 -7.30158e-21 6.52829e-06 -3.43707e-07 4.0668e-05 -3.27534e-06
10.1055 0.032119 -0.0784299 0.000903347 -0.000817982 -0.000458189 0.000305456 -0.00317772 -0.00685582 0.000139741 -1.99022e-21 5.21287e-05 7.95118e-21 -2.26961e-05 -2.12003e-07 -6.66804e-05 4.88663e-06
10.2102 0.0312388 -0.0786043 0.00120173 -0.000133501 -0.000554804 -2.03881e-05 -0.00302501 -0.00638926 -2.96025e-05 -1.42612e-21 -0.000128387 -9.31648e-21 5.62902e-05 -7.74323e-08 1.47508e-05 -1.11723e-06
10.3149 0.0310535 -0.0776165 0.00162879 -0.000901747 -0.000790076 0.000319924 -0.00315011 -0.00649304 0.000108716 -8.62546e-21 0.000102205 4.44758e-21 -4.48529e-05 5.01276e-08 -5.26458e-05 3.77363e-06
10.4196 0.0296172 -0.0773508 0.00166689 -0.000852901 -0.000796444 0.000297527 -0.00272832 -0.00619051 -6.87677e-05 1.15905e-21 -8.8482e-05 -7.59597e-21 3.89437e-05 -2.42285e-07 3.35688e-05 -2.29766e-06
10.5243 0.0301474 -0.0771271 0.00125823 -0.000914198 -0.000606481 0.000348497 -0.00318137 -0.00598469 -0.000108529 1.35913e-21 -8.83036e-05 -7.22226e-21 3.9039e-05 -1.25399e-07 5.24251e-05 -3.84931e-06
10.6291 0.0293063 -0.0760286 0.000731841 -0.000477151 -0.000359741 0.000161177 -0.00296809 -0.00609214 -0.000140813 6.05527e-21 -0.000174966 -6.82562e-21 7.68679e-05 1.02975e-07 6.79864e-05 -4.8655e-06
10.7338 0.0292503 -0.0759407 0.000904882 -0.00073411 -0.000436818 0.00027396 -0.00315533 -0.00581876 -1.5166e-05 1.33335e-21 -2.79393e-05 1.87299e-22 1.23876e-05 -3.16524e-08 7.43082e-06 -5.92634e-07
10.8385 0.0282741 -0.0759679 0.000603733 -0.000209351 -0.000276294 4.80114e-05 -0.00292655 -0.00541834 -9.23911e-05 -5.46473e-21 -3.76697e-05 -1.19748e-20 1.72477e-05 -6.71727e-07 4.47114e-05 -3.61984e-06
10.9432 0.0283681 -0.0752088 0.000361932 -0.000283966 -0.000185843 9.75444e-05 -0.00315623 -0.00544788 -0.000172966 -6.59293e-22 -0.000114027 -1.56979e-20 5.1985e-05 -1.03291e-06 8.42361e-05 -7.08887e-06
11.0479 0.0279098 -0.0745754 0.000624728 0.000679512 -0.000269599 -0.000361306 -0.00309712 -0.00540614 5.62196e-05 -4.1673e-21 7.16873e-05 -2.9536e-21 -3.14743e-05 -4.32379e-07 -2.64454e-05 1.46886e-06
11.1527 0.0277324 -0.0738276 0.000407108 -0.000493842 -0.000211771 0.000194369 -0.00319656 -0.00542825 5.605e-05 1.14759e-21 0.000104365 3.57323e-21 -4.61081e-05 -5.75716e-07 -2.69308e-05 1.60189e-06
11.2574 0.0268911 -0.0729701 0.00142944 -0.000468787 -0.000686613 0.000135166 -0.00296149 -0.00549534 4.74155e-05 -2.40801e-21 -0.000125006 4.90592e-21 5.61612e-05 -8.77906e-07 -2.1151e-05 8.15765e-07
11.3621 0.0263399 -0.0731803 0.00103843 -0.000559192 -0.000505265 0.000198558 -0.00292066 -0.00506147 -2.51112e-05 -1.89062e-21 -5.37906e-05 -5.92835e-21 2.41483e-05 -5.93126e-08 1.23915e-05 -8.59551e-07
11.4668 0.0267904 -0.0723386 0.000947496 -0.00163813 -0.000500343 0.000715195 -0.00328045 -0.00517337 0.000149712 -2.2661e-20 0.000205022 2.55749e-20 -9.20243e-05 -1.10649e-07 -7.38202e-05 5.39763e-06
11.5715 0.0257179 -0.0713899 0.00120162 -0.00124504 -0.000604659 0.000507289 -0.00291554 -0.00526841 -9.26276e-05 -6.59998e-21 -0.000278519 -4.12992e-20 0.000124949 -1.21655e-06 4.77006e-05 -4.25789e-06
11.6763 0.0254571 -0.0717707 0.000438024 -0.00056527 -0.000214007 0.000214379 -0.00298076 -0.00479008 -2.0364e-05 -5.71813e-22 2.05485e-06 -2.22938e-21 -9.17213e-07 -1.90279e-08 9.74086e-06 -6.47736e-07
11.781 0.0251144 -0.0706416 -0.000291455 -0.000564265 0.000106459 0.000234006 -0.00295121 -0.00499662 -1.09065e-05 1.08748e-21 -9.4564e-05 1.96907e-21 4.27261e-05 -3.49038e-07 6.2342e-06 -1.11432e-06
11.8857 0.0245174 -0.0705374 0.000442461 -0.000194727 -0.000217795 5.00872e-05 -0.00283763 -0.00473366 -1.20242e-05 3.51902e-22 -1.09512e-05 -4.47094e-22 4.93085e-06 -5.38756e-09 5.80518e-06 -3.90777e-07
11.9904 0.0249587 -0.0703629 0.000345612 0.0001543 -0.00016389 -9.87291e-05 -0.00319792 -0.00455903 -6.67863e-05 -3.49302e-21 -2.95334e-05 -6.67887e-21 1.46729e-05 -1.60313e-06 3.34119e-05 -3.88422e-06
12.0951 0.0238357 -0.0696737 0.00107346 -0.00017049 -0.000511831 2.15701e-05 -0.00280943 -0.00455648 3.98007e-05 1.1282e-22 -7.42698e-05 2.0008e-22 3.35653e-05 -1.55037e-07 -1.86447e-05 1.12678e-06
12.1999 0.0236796 -0.0693439 0.000867212 -7.4398e-05 -0.000410583 -1.88697e-05 -0.00287791 -0.00443349 -5.87756e-06 1.88566e-22 2.91822e-05 6.19189e-22 -1.323e-05 6.20354e-08 2.67405e-06 -1.30047e-07
12.3046 0.023745 -0.0686635 0.000900053 -0.000688571 -0.000456125 0.000274056 -0.00304453 -0.00448435 0.000131695 -5.81729e-23 0.000108297 1.54969e-20 -4.91115e-05 -9.34342e-08 -6.3976e-05 4.13524e-06
12.4093 0.0232869 -0.0680217 0.000813539 -0.000688754 -0.000412428 0.000282403 -0.00294914 -0.00448668 -2.94512e-05 -1.50677e-21 -6.18549e-05 -5.46649e-21 2.78843e-05 8.2632e-08 1.44596e-05 -8.69918e-07
12.514 0.0227258 -0.0679849 0.000951991 -0.000499606 -0.000461794 0.000177509 -0.00283103 -0.00423144 -4.28891e-05 -1.19431e-21 2.30167e-06 -3.72725e-21 -1.12675e-06 9.68067e-08 2.04971e-05 -1.18461e-06
12.6187 0.0229038 -0.0678228 0.000377999 -9.63391e-05 -0.00017794 1.70665e-05 -0.00304711 -0.00404772 -0.000128868 -2.03605e-21 -0.000139135 -7.87273e-21 6.32151e-05 2.10511e-07 6.21199e-05 -4.0701e-06
12.7235 0.0221689 -0.0669907 0.000437274 -0.000308952 -0.000223756 0.000107591 -0.00281937 -0.00414717 -0.000120226 -3.80944e-21 -0.000106391 -1.73955e-20 4.84549e-05 1.13801e-08 5.83023e-05 -3.7516e-06
12.8282 0.0220825 -0.0668251 0.00040308 -0.000237812 -0.000201448 8.39372e-05 -0.00290854 -0.00396562 0.000223777 1.17368e-20 0.000173507 2.2728e-20 -7.9535e-05 3.92044e-07 -0.00010861 7.47119e-06
12.9329 0.0220975 -0.0663514 3.67782e-05 -0.000280781 -3.2492e-05 0.000122157 -0.00303097 -0.00393392 -1.14472e-05 -8.19269e-22 2.30391e-05 2.21674e-22 -1.00142e-05 -6.89677e-07 5.9286e-06 -9.96319e-07
13.0376 0.0214025 -0.0656558 7.17059e-05 -0.000543358 -6.21708e-05 0.000227863 -0.00281484 -0.00399122 -4.57017e-05 -3.47275e-22 -4.46171e-05 -4.01393e-21 2.0418e-05 3.2176e-08 2.22807e-05 -1.47248e-06
13.1423 0.0210751 -0.0654097 0.000392153 -0.000367242 -0.000203871 0.00014359 -0.00277865 -0.00384655 4.66333e-07 7.10773e-23 -3.25939e-05 -6.29325e-22 1.48635e-05 2.2007e-08 -8.53678e-08 -4.73066e-10
13.247 0.0211413 -0.0650931 0.000458681 9.08405e-05 -0.000223681 -6.99702e-05 -0.00292015 -0.00376119 -9.45254e-05 2.31458e-21 -8.1578e-05 -4.6935e-21 3.75179e-05 -8.88799e-08 4.58586e-05 -3.05795e-06
13.3518 0.0205227 -0.0647544 0.000498718 -0.000134012 -0.00024811 2.72992e-05 -0.00274474 -0.00366033 5.55046e-05 1.3036e-21 0.000114352 9.7801e-21 -5.26363e-05 2.20146e-07 -2.73597e-05 1.89099e-06
13.4565 0.0203679 -0.0640522 0.000725369 -0.000359532 -0.000364996 0.000129473 -0.00276428 -0.00374965 5.48991e-05 -1.6544e-21 5.33753e-05 6.87851e-21 -2.44774e-05 7.89508e-09 -2.67376e-05 1.62799e-06
13.5612 0.0202008 -0.0639476 0.000531159 -0.0005597 -0.000277995 0.000227699 -0.00280626 -0.00356562 -5.37875e-05 -2.95448e-21 -6.02652e-05 -8.38307e-21 2.78443e-05 -6.49529e-08 2.63945e-05 -1.70878e-06
13.6659 0.0198988 -0.0633481 0.000379245 -0.000400967 -0.000198582 0.000162244 -0.00274869 -0.00359801 -0.000112214 1.0242e-21 -0.000134339 -1.21969e-20 6.16914e-05 -1.98612e-08 5.47451e-05 -3.48754e-06
13.7706 0.0199312 -0.0630845 0.000411748 -0.000852219 -0.000232776 0.000379124 -0.00287797 -0.00350101 6.29201e-05 -6.40784e-22 0.000113347 5.85784e-21 -5.23822e-05 3.12433e-08 -3.12882e-05 2.12645e-06
13.8754 0.0195834 -0.0628401 0.000162759 -0.000598008 -9.9923e-05 0.00026736 -0.00281009 -0.00337488 3.68499e-05 -3.34935e-21 3.68846e-05 8.94629e-23 -1.7025e-05 -3.07536e-08 -1.7983e-05 1.1482e-06
13.9801 0.0190852 -0.0624971 0.000435095 -0.000401155 -0.000225452 0.000159946 -0.00267405 -0.00330136 0.00016618 -7.76344e-21 0.000135007 8.53027e-21 -6.24656e-05 -4.18966e-08 -8.09685e-05 4.80883e-06
14.0848 0.0192837 -0.0620409 -0.000162926 -0.000283324 6.11219e-05 0.000118969 -0.00285206 -0.00331223 -2.81451e-05 -3.39871e-21 9.21713e-05 -7.82161e-21 -4.30183e-05 6.61206e-07 1.27674e-05 7.54716e-08
14.1895 0.0187431 -0.061647 -0.000109595 -0.000315264 3.28045e-05 0.000142448 -0.00269097 -0.00324616 -0.000183687 5.70976e-21 -0.000231993 -7.88684e-21 0.000107028 6.65571e-07 8.94537e-05 -5.31448e-06
14.2942 0.0188549 -0.061732 0.000401663 6.59825e-05 -0.000193528 -5.19379e-05 -0.00284899 -0.00300975 0.000183813 4.61153e-21 0.000140065 9.4434e-21 -6.64586e-05 2.01959e-06 -9.05895e-05 7.58017e-06
14.399 0.0186024 -0.0611627 0.000177944 -0.000396477 -0.00010168 0.000172899 -0.00281004 -0.00305814 -4.99798e-05 2.69711e-22 8.20545e-07 -4.07573e-21 -2.86556e-07 -8.69746e-08 2.4276e-05 -1.569e-06
14.5037 0.018202 -0.0607294 0.000648518 -0.000399565 -0.000318665 0.000158911 -0.00269569 -0.00304276 0.000123328 3.96634e-22 9.56892e-05 1.22727e-20 -4.4456e-05 3.59217e-07 -6.01408e-05 3.88957e-06
14.6084 0.0179067 -0.060449 0.000568108 -0.000255331 -0.000279092 9.52798e-05 -0.00264581 -0.00295504 -0.000106999 3.91698e-21 -0.000121275 -9.44164e-21 5.62528e-05 1.1923e-08 5.21171e-05 -3.00404e-06
14.7131 0.0176816 -0.0599187 8.67706e-05 -0.000497786 -5.95898e-05 0.000220395 -0.00261626 -0.0029937 4.18051e-05 2.66626e-22 4.29728e-05 4.0818e-21 -1.99737e-05 1.32638e-08 -2.04472e-05 1.28986e-06
14.8178 0.0175588 -0.0597449 0.000165209 -0.00042916 -9.39673e-05 0.000189533 -0.00264637 -0.00287108 -1.97811e-06 1.1709e-22 1.58472e-05 -4.02583e-22 -7.33599e-06 -5.9333e-08 9.31644e-07 -8.84179e-08
14.9226 0.0174188 -0.0594236 5.06489e-05 -0.000313614 -3.94033e-05 0.00013385 -0.00266216 -0.00282491 8.2239e-05 1.56802e-21 7.66333e-05 4.49518e-21 -3.58296e-05 -2.8565e-08 -4.02197e-05 2.48448e-06
15.0273 0.0175025 -0.0589716 -0.000135664 -0.000406206 4.35092e-05 0.000191323 -0.00277535 -0.00284335 -8.6021e-05 3.59614e-22 0.00010064 -5.57314e-21 -4.70309e-05 3.42957e-07 4.11316e-05 -1.93961e-06
15.132 0.0167971 -0.0588405 0.000368418 -0.000153799 -0.000185676 5.198e-05 -0.00252437 -0.00268578 7.01067e-05 -2.97034e-21 7.42799e-05 3.07788e-21 -3.47472e-05 1.82153e-08 -3.42642e-05 1.96175e-06
15.2367 0.0165161 -0.0583453 0.000379114 -9.44381e-05 -0.000192083 2.39741e-05 -0.00245943 -0.002717 -5.58758e-05 1.52395e-21 -2.39342e-05 -4.34159e-21 1.12239e-05 -1.64097e-09 2.71932e-05 -1.52176e-06
15.3414 0.0164543 -0.0583448 0.000512192 -0.000273713 -0.00025562 0.000102273 -0.00251615 -0.00253486 1.21653e-05 8.77001e-23 4.2638e-05 4.52427e-21 -2.00782e-05 1.53684e-07 -6.13432e-06 4.81839e-07
15.4462 0.0161409 -0.0576907 0.000698735 -0.000334641 -0.000350849 0.000132266 -0.00242688 -0.00263993 4.14637e-05 1.07267e-21 -1.81053e-05 2.17576e-21 8.45039e-06 -5.24563e-08 -2.00347e-05 1.07238e-06
15.5509 0.0159994 -0.0576912 0.000561267 -0.000359349 -0.000283148 0.000148472 -0.00244369 -0.00245088 0.0001091 1.09647e-21 0.000111522 8.7277e-21 -5.2425e-05 4.67822e-08 -5.35139e-05 2.88462e-06
15.6556 0.0159766 -0.0570399 0.000153907 -0.000558752 -9.88329e-05 0.00025575 -0.00249008 -0.00257469 -2.13958e-05 1.19805e-21 -4.53935e-05 -1.73681e-21 2.12934e-05 2.90538e-09 1.06609e-05 -6.54814e-07
15.7603 0.0153503 -0.0569685 0.000346334 -0.000411418 -0.000179191 0.000175067 -0.00226596 -0.00240686 -8.60577e-05 -1.21634e-21 -8.69125e-05 -1.31788e-20 4.08583e-05 -1.37788e-07 4.22372e-05 -2.32962e-06
15.865 0.0156516 -0.0563911 0.000371879 -0.000421054 -0.000194125 0.000180623 -0.00246169 -0.00251925 -0.00013313 1.10881e-21 -2.074e-05 -1.21101e-20 9.68086e-06 2.09694e-07 6.4666e-05 -3.43123e-06
15.9698 0.0154367 -0.0563505 0.000256276 -0.000138635 -0.000128359 5.12285e-05 -0.00243407 -0.00235164 -0.000162037 -5.91954e-21 -0.000137073 -1.66939e-20 6.46125e-05 -3.40396e-07 7.92833e-05 -4.76878e-06
16.0745 0.0152907 -0.0559103 -2.29344e-05 -0.000391592 -4.64133e-06 0.000181961 -0.00242616 -0.00237805 -0.000104573 1.40496e-21 -0.000109797 -6.51713e-21 5.16132e-05 1.13199e-07 5.12616e-05 -2.93098e-06
16.1792 0.014702 -0.055463 0.00026002 -0.000253954 -0.000138071 0.000102769 -0.00220357 -0.00239841 -6.35268e-06 2.49549e-22 -1.88063e-05 -3.41546e-22 8.84965e-06 -6.15685e-08 3.19567e-06 -2.27216e-07
16.2839 0.0147921 -0.0555317 0.000325384 -0.000136841 -0.000163975 5.04114e-05 -0.00232212 -0.0021991 5.14162e-05 -1.82716e-21 5.88579e-05 2.70857e-21 -2.77479e-05 -4.4533e-08 -2.5167e-05 1.28715e-06
16.3886 0.0147594 -0.0549329 0.000152186 -9.88051e-05 -8.22698e-05 3.51898e-05 -0.00235305 -0.00231677 8.08226e-05 -3.07876e-21 8.62759e-05 3.81561e-21 -4.0607e-05 -2.453e-08 -3.95554e-05 2.19355e-06
16.4934 0.0145659 -0.0546388 0.000306938 -0.000174664 -0.000160619 7.20157e-05 -0.0023228 -0.00227972 -4.07322e-05 -3.67547e-22 -5.10624e-05 -5.10115e-21 2.39832e-05 1.36271e-07 1.99264e-05 -9.38572e-07
16.5981 0.0146925 -0.0548693 0.000196633 -2.99866e-05 -9.80282e-05 2.60939e-06 -0.00246157 -0.00201709 -0.000283432 -2.67595e-21 -0.000266948 -7.98203e-21 0.000128468 -3.37885e-06 0.000140568 -1.12191e-05
16.7028 0.0144092 -0.0538963 0.000345124 -0.000426327 -0.000186765 0.000192247 -0.0023569 -0.00230291 -4.94108e-05 -9.62938e-22 -3.54857e-05 -5.84506e-21 1.67114e-05 6.45673e-08 2.42029e-05 -1.26856e-06
16.8075 0.0139596 -0.0541183 0.000602334 -0.000112623 -0.000294508 3.1865e-05 -0.00221509 -0.0020222 2.67242e-05 8.79645e-22 3.23583e-05 2.87515e-21 -1.53024e-05 2.58694e-08 -1.3097e-05 6.47038e-07
16.9122 0.0143289 -0.0536162 -0.000119913 -0.000495746 3.8045e-05 0.000239094 -0.00244159 -0.00211519 3.46082e-05 1.41422e-21 3.45978e-05 2.22555e-22 -1.638e-05 -6.8272e-08 -1.70265e-05 9.68814e-07
17.017 0.0137206 -0.0532721 7.632e-05 -0.000375771 -5.00769e-05 0.000169118 -0.00219962 -0.0021007 4.30908e-07 5.83188e-23 1.84881e-05 1.6306e-22 -8.74646e-06 5.59732e-08 -3.09334e-07 9.11898e-08
17.1217 0.0138205 -0.0533472 3.41135e-05 -1.41956e-06 -1.96715e-05 -3.1514e-06 -0.0023154 -0.00191006 -0.00013181 -8.49677e-22 -0.000120889 -3.43749e-21 5.81701e-05 -1.31259e-06 6.52719e-05 -4.89784e-06
17.2264 0.0134811 -0.05283 0.00010105 -0.000187038 -6.17144e-05 7.9938e-05 -0.00219928 -0.00199301 1.33022e-05 1.2256e-21 -8.88696e-06 9.40572e-22 4.22295e-06 -6.68931e-08 -6.43368e-06 2.60253e-07
17.3311 0.0134044 -0.0526866 0.000228694 -1.77134e-05 -0.000116793 -4.2784e-06 -0.00221716 -0.00190773 3.94733e-06 2.03826e-22 1.03845e-05 6.12578e-22 -4.9334e-06 1.09959e-09 -1.95152e-06 1.02705e-07
17.4358 0.0131858 -0.0524052 0.000380143 0.000124197 -0.000184371 -7.56868e-05 -0.00215969 -0.00188273 -5.42587e-05 6.04734e-21 -4.98481e-05 2.48689e-21 2.36765e-05 -2.95563e-08 2.6556e-05 -1.33972e-06
17.5406 0.013099 -0.0520857 0.000368107 -0.000314918 -0.000191028 0.000139165 -0.00216901 -0.00188123 -6.00137e-05 2.64422e-21 -8.19748e-05 -3.52563e-22 3.88948e-05 1.05758e-07 2.95638e-05 -1.36993e-06
17.6453 0.0128542 -0.0515964 0.000802384 -0.00030574 -0.000398947 0.000115858 -0.00208875 -0.00196798 -0.000142495 -3.53092e-21 0.000118564 -2.41241e-21 -5.66076e-05 1.40184e-06 6.84726e-05 -2.36137e-06
17.75 0.0127757 -0.0516814 0.000190397 -0.000351206 -0.00010463 0.000161461 -0.00211547 -0.00176787 4.02164e-05 6.99397e-22 1.11845e-05 4.20564e-21 -5.41422e-06 1.34774e-07 -1.97738e-05 1.11317e-06
17.8547 0.0129966 -0.051041 0.000159573 -0.000691587 -0.000103998 0.000327673 -0.00225572 -0.00194052 6.92882e-05 6.61497e-21 8.04059e-05 1.27619e-20 -3.82048e-05 -1.01265e-07 -3.43403e-05 1.80688e-06
17.9594 0.0125343 -0.0510715 0.000146248 -0.000233809 -7.84856e-05 0.000104207 -0.00208592 -0.00176555 -1.92595e-05 -3.21053e-22 -1.18006e-05 -1.68239e-21 5.63534e-06 -4.31245e-08 9.46105e-06 -5.18941e-07
18.0642 0.0125711 -0.0507375 -0.000193435 -0.000279553 8.18709e-05 0.000137935 -0.00214751 -0.00178259 -9.77832e-05 -1.14142e-21 -0.000131035 4.45992e-21 6.22414e-05 2.96558e-07 4.80819e-05 -2.47703e-06
18.1689 0.0124482 -0.0505102 -0.000129662 -0.000122233 5.47442e-05 5.91959e-05 -0.00213415 -0.00174883 -2.00961e-05 -4.60536e-23 2.8057e-06 -1.27366e-21 -1.28765e-06 -4.13742e-08 9.84834e-06 -5.42e-07
18.2736 0.01213 -0.0501157 9.02654e-05 -6.44242e-05 -5.10205e-05 2.23742e-05 -0.0020196 -0.00178985 -0.000102442 -1.17404e-21 -2.21359e-05 -9.3806e-21 1.0468e-05 2.96702e-07 4.99513e-05 -2.20489e-06
18.3783 0.0122297 -0.0500446 4.49078e-05 -0.000279538 -3.47248e-05 0.000131862 -0.00212036 -0.00168887 -3.84716e-05 3.87819e-22 -2.525e-05 -4.17435e-21 1.20743e-05 3.13814e-08 1.89199e-05 -9.5533e-07
18.483 0.0119368 -0.0496846 0.000221675 -0.000218359 -0.000116215 9.7602e-05 -0.00201442 -0.00171429 2.00322e-06 -2.22096e-22 -3.48909e-05 4.42026e-22 1.64745e-05 1.99348e-07 -9.89381e-07 2.45219e-07
18.5878 0.0118026 -0.0496069 0.000149609 -0.000252974 -8.13141e-05 0.000119072 -0.00199899 -0.00160921 0.000110971 2.8681e-21 8.74295e-05 1.25944e-20 -4.19138e-05 4.11812e-07 -5.47175e-05 3.08571e-06
18.6925 0.0119399 -0.0492575 7.407e-05 -0.000320657 -4.6231e-05 0.000152932 -0.00210064 -0.00165226 3.54688e-05 6.06409e-22 4.19598e-06 1.41323e-21 -2.12716e-06 2.51113e-07 -1.74792e-05 1.14027e-06
18.7972 0.0116578 -0.0491687 0.00023052 1.79824e-05 -0.000112013 -1.8131e-05 -0.00200972 -0.00155524 6.68795e-05 -9.68667e-22 5.61043e-05 3.42074e-21 -2.69289e-05 3.29697e-07 -3.29253e-05 1.92357e-06
18.9019 0.0115596 -0.048768 0.000169266 -0.000221619 -9.06921e-05 9.98863e-05 -0.00199836 -0.0016131 -1.42838e-05 -4.96673e-22 5.94966e-06 -7.39832e-22 -2.80515e-06 -4.17923e-08 6.99576e-06 -3.83438e-07
19.0066 0.0113953 -0.0484856 0.000215731 -0.000317616 -0.000116983 0.000144151 -0.0019585 -0.00161449 -6.3953e-05 -4.14879e-21 -4.65282e-05 -9.60867e-21 2.22085e-05 5.52641e-08 3.14494e-05 -1.46631e-06
19.1114 0.0112245 -0.0484582 0.000241443 -0.000279963 -0.000128442 0.000126376 -0.00192428 -0.00149267 -3.09293e-05 -1.9413e-22 -2.05037e-05 -4.50664e-21 9.83329e-06 1.81417e-08 1.52297e-05 -6.93877e-07
19.2161 0.0111552 -0.0481308 0.000258923 -0.000322543 -0.000137145 0.000146301 -0.00192388 -0.00152179 -4.71055e-05 6.8221e-22 -4.80573e-05 -4.86229e-21 2.2996e-05 -6.38797e-09 2.32464e-05 -1.09831e-06
19.3208 0.0110757 -0.0480757 -2.17921e-05 -7.4961e-05 6.03054e-06 3.36194e-05 -0.00192854 -0.00141848 3.81918e-05 -2.15813e-21 3.80077e-05 -7.42586e-22 -1.82368e-05 -1.56022e-08 -1.87924e-05 9.17029e-07
19.4255 0.010909 -0.0474582 5.55342e-05 -0.000172417 -3.51222e-05 7.83257e-05 -0.00186892 -0.00158548 0.000114034 -4.22283e-21 4.12735e-05 1.38266e-20 -1.97e-05 -9.8182e-08 -5.5832e-05 2.58949e-06
19.5302 0.0108533 -0.0474872 0.000181205 -0.000211782 -9.55622e-05 9.59645e-05 -0.00188878 -0.00144686 3.09859e-05 5.9495e-23 -2.58944e-05 2.11648e-21 1.2247e-05 2.70042e-07 -1.5247e-05 9.78366e-07
19.635 0.0107467 -0.0472488 0.00028129 3.72034e-06 -0.00013911 -1.22279e-05 -0.00187146 -0.0014379 1.79215e-05 -2.54286e-22 2.60561e-05 7.30907e-22 -1.24586e-05 -1.44271e-08 -8.80313e-06 3.80966e-07
19.7397 0.0104992 -0.0470906 0.000189234 -6.98042e-05 -9.59639e-05 2.6436e-05 -0.0017903 -0.00138229 2.17774e-05 6.53784e-22 1.23596e-07 1.51674e-21 -1.20546e-07 1.04766e-07 -1.07258e-05 5.86066e-07
19.8444 0.0104349 -0.0467828 0.000395346 -5.41398e-05 -0.000195084 1.19523e-05 -0.00178936 -0.0014123 -5.70633e-05 -1.72007e-21 -3.04855e-05 -2.98841e-21 1.45897e-05 -1.65893e-08 2.79991e-05 -1.24853e-06
19.9491 0.0105611 -0.0465635 9.41311e-05 -0.00033646 -5.83145e-05 0.000158522 -0.00188796 -0.00140235 6.86625e-05 -1.32035e-21 1.65261e-05 7.22512e-21 -7.91699e-06 -1.9602e-07 -3.36871e-05 1.4111e-06
20.0538 0.0103191 -0.046469 6.66065e-05 -0.000298899 -4.10619e-05 0.000141049 -0.00180729 -0.00132068 -0.000100476 -6.27474e-21 -0.000101063 -1.75911e-20 4.85339e-05 1.06209e-08 4.95814e-05 -2.3146e-06
20.1586 0.0102739 -0.0462473 3.65536e-05 -0.000384704 -3.05466e-05 0.000183968 -0.00182063 -0.00130981 7.46021e-05 2.83549e-21 0.000109987 1.03724e-20 -5.29261e-05 -2.83966e-09 -3.70724e-05 1.79874e-06
20.2633 0.0101621 -0.0460136 -3.26159e-05 -0.000325058 6.03811e-06 0.000155418 -0.00179637 -0.00130428 4.00539e-05 -2.71914e-22 5.69773e-05 3.02675e-21 -2.73865e-05 1.10244e-08 -1.98463e-05 9.86317e-07
20.368 0.010257 -0.0457614 -0.000157248 -0.000124263 7.02986e-05 6.406e-05 -0.00187216 -0.00131373 0.000111615 -3.46746e-21 -1.66094e-05 9.55689e-21 7.72581e-06 3.0187e-07 -5.49196e-05 2.89439e-06
20.4727 0.00998533 -0.0455492 0.000235998 -2.11858e-05 -0.000117762 1.6553e-06 -0.00177148 -0.00129675 -6.86798e-05 1.24279e-22 -4.14308e-05 -6.91464e-21 1.99388e-05 -7.75721e-08 3.37863e-05 -1.59343e-06
20.5774 0.00977712 -0.0454342 0.000169039 8.09445e-05 -8.27142e-05 -4.51828e-05 -0.0017053 -0.00123067 2.12772e-05 4.43348e-22 2.45414e-05 1.62113e-21 -1.17736e-05 -4.8481e-08 -1.04331e-05 4.03353e-07
20.6822 0.00973186 -0.0452201 0.000420611 -0.000126013 -0.000211181 4.85268e-05 -0.0017159 -0.00122457 5.79228e-05 1.14715e-21 -4.56112e-05 -3.14971e-21 2.20191e-05 -2.91886e-07 -2.82609e-05 1.01871e-06
20.7869 0.00939178 -0.0449887 0.000382238 -0.000279913 -0.000194972 0.000123974 -0.00158077 -0.00121361 -1.58326e-05 -3.02433e-22 -1.99485e-05 -3.10388e-21 9.60572e-06 -3.27371e-08 7.84816e-06 -3.28531e-07
20.8916 0.00953367 -0.0448617 0.000322247 -0.00023844 -0.000162685 0.000106001 -0.00167928 -0.00117131 -8.46835e-05 1.51514e-21 -7.82288e-05 -8.04725e-21 3.76708e-05 -1.05325e-07 4.17881e-05 -1.84027e-06
20.9963 0.00952707 -0.0446349 0.000110794 -8.67504e-05 -5.72688e-05 3.87612e-05 -0.00170452 -0.00117068 3.12972e-05 -9.16664e-22 2.18533e-05 2.1264e-21 -1.06148e-05 2.13808e-07 -1.54932e-05 8.9848e-07
21.101 0.00940834 -0.044352 2.8143e-05 -0.000222297 -2.02718e-05 0.000104529 -0.00167313 -0.00119799 6.32255e-05 1.79851e-21 8.37841e-05 8.24381e-21 -4.02912e-05 -1.27744e-08 -3.12327e-05 1.41346e-06
21.2058 0.00935505 -0.0442762 0.000157248 -8.74538e-05 -7.84258e-05 3.64264e-05 -0.00167866 -0.0011274 -1.51309e-05 8.76891e-22 -2.17945e-05 -6.37038e-22 1.04351e-05 1.41178e-07 7.395e-06 -1.82606e-07
21.3105 0.00932495 -0.0440219 -4.50303e-05 -0.000100636 1.78992e-05 4.73e-05 -0.00169158 -0.00114423 -3.45318e-05 3.47054e-22 -6.11829e-05 -1.52351e-21 2.94442e-05 9.92715e-08 1.70259e-05 -7.19822e-07
21.4152 0.00917832 -0.0438238 0.000116608 -0.000102823 -5.99179e-05 4.43562e-05 -0.00164714 -0.00113159 -5.39272e-05 -4.02803e-22 -4.94905e-05 -5.20471e-21 2.38636e-05 -7.28466e-08 2.65876e-05 -1.22956e-06
21.5199 0.00896694 -0.0435591 0.000144375 -1.37581e-05 -7.22395e-05 1.85547e-07 -0.0015695 -0.00114885 1.34965e-05 4.1316e-23 6.29846e-06 1.12826e-21 -3.03854e-06 1.37047e-08 -6.63835e-06 2.91174e-07
21.6246 0.00908756 -0.0433604 3.90972e-05 -0.00031862 -2.93412e-05 0.000153141 -0.00165709 -0.00114595 -6.33947e-06 -6.27452e-23 2.34774e-05 1.25579e-21 -1.13145e-05 3.94943e-08 3.02636e-06 -7.64611e-08
21.7293 0.00884324 -0.0432953 0.000243497 -0.000285411 -0.000126393 0.000130722 -0.00156869 -0.00106963 -3.59898e-05 4.73977e-22 3.21222e-05 -2.86986e-21 -1.55098e-05 8.85463e-08 1.75858e-05 -6.49204e-07
21.8341 0.00895265 -0.0431086 1.79762e-05 -0.000192199 -1.4527e-05 9.16929e-05 -0.00164746 -0.00106238 -3.91883e-05 5.72474e-22 -5.49253e-05 -2.25993e-21 2.65035e-05 7.85876e-08 1.93643e-05 -8.0728e-07
21.9388 0.00884981 -0.0430186 0.000195827 -0.000201361 -0.000102523 9.10781e-05 -0.00162842 -0.00100467 -1.67184e-05 6.58963e-22 -3.63748e-06 -1.2863e-21 1.75848e-06 3.96182e-08 8.2358e-06 -3.10105e-07
22.0435 0.00861466 -0.0428719 0.000256432 -6.95346e-05 -0.000128344 2.60482e-05 -0.00153964 -0.000967765 1.2657e-05 -2.46464e-22 -3.97577e-06 3.83192e-22 1.92248e-06 -5.04339e-09 -6.22796e-06 2.50435e-07
22.1482 0.00868264 -0.0425332 0.000175241 -0.000267288 -9.44027e-05 0.000124341 -0.00159369 -0.00103718 -1.65837e-05 -2.9428e-22 -3.59324e-05 -3.30219e-21 1.74019e-05 -6.96508e-08 8.29761e-06 -4.15885e-07
22.2529 0.00863159 -0.0423099 0.000144233 -5.78108e-05 -7.23245e-05 2.33458e-05 -0.00158867 -0.00104635 3.52029e-05 9.43106e-22 3.96564e-05 3.95752e-21 -1.90999e-05 -5.51246e-08 -1.73182e-05 6.81742e-07
22.3577 0.00847207 -0.0422263 7.36563e-05 -0.000218488 -4.27092e-05 0.000102912 -0.00154162 -0.000984964 -1.43672e-05 1.98647e-22 -1.14771e-05 -1.64173e-21 5.56063e-06 2.02103e-09 7.10417e-06 -2.95561e-07
22.4624 0.0084853 -0.0418697 -0.000118311 -0.000230516 5.00181e-05 0.000113007 -0.00156521 -0.00106288 -1.33167e-05 -2.85796e-21 -5.22094e-05 -3.68473e-21 2.52236e-05 -9.40547e-08 6.73078e-06 -4.54464e-07
22.5671 0.00830013 -0.0419483 6.21127e-05 4.98403e-06 -3.11104e-05 -4.82899e-06 -0.00150687 -0.000922991 2.56413e-05 -2.15945e-23 2.60314e-05 3.96634e-24 -1.26005e-05 -2.34481e-08 -1.26332e-05 4.97416e-07
22.6718 0.00829328 -0.0415938 -5.55862e-06 -7.32478e-05 -2.68709e-06 3.45072e-05 -0.00152299 -0.00100181 6.07867e-05 3.24358e-22 5.84083e-05 4.41233e-21 -2.82788e-05 -5.42949e-08 -3.00357e-05 1.23455e-06
22.7765 0.00823084 -0.0413999 0.000153035 -5.67178e-05 -7.89397e-05 2.23605e-05 -0.00151411 -0.0010024 2.906e-05 8.36236e-22 2.05613e-05 3.22221e-21 -9.94467e-06 -2.04397e-08 -1.43307e-05 5.69742e-07
22.8813 0.00818702 -0.0413389 4.68572e-05 -0.000102221 -2.69509e-05 4.84854e-05 -0.00151917 -0.000936692 2.38722e-05 -2.83593e-22 2.77122e-05 1.36817e-21 -1.34037e-05 -6.56255e-08 -1.17788e-05 4.34573e-07
22.986 0.00808902 -0.041113 -2.57769e-05 -0.000232003 4.87009e-06 0.000113571 -0.00149322 -0.000951233 -4.36645e-05 2.66846e-21 -6.36555e-05 -3.30748e-21 3.08172e-05 7.92197e-08 2.16618e-05 -8.67184e-07
23.0907 0.00801595 -0.0408613 0.000305052 -0.000364826 -0.000159458 0.00017019 -0.00147715 -0.000983028 2.02341e-05 -4.31339e-21 4.08044e-05 1.34657e-20 -1.97485e-05 6.56001e-08 -1.01294e-05 4.36316e-07
23.1954 0.00805199 -0.0407868 3.04606e-05 -0.000186685 -2.13291e-05 9.03882e-05 -0.00151925 -0.000929116 -3.32814e-05 1.12225e-21 -2.67562e-05 -2.12287e-21 1.29763e-05 2.08933e-08 1.64589e-05 -6.82235e-07
23.3001 0.00805209 -0.0405485 -0.000190854 -0.000310217 8.40669e-05 0.000155643 -0.0015383 -0.00095548 -1.95175e-06 -8.22064e-22 -7.57131e-06 1.71379e-22 3.66856e-06 -9.03047e-09 9.89087e-07 -6.62441e-08
23.4049 0.00771249 -0.0402999 2.79422e-05 -0.000262312 -2.19229e-05 0.000125185 -0.00139192 -0.000977744 -2.70846e-05 -3.26121e-23 3.66615e-05 -1.56252e-21 -1.7751e-05 2.20814e-07 1.31289e-05 -2.82964e-07
23.5096 0.00777968 -0.04044 -0.000158967 6.63558e-05 7.89304e-05 -3.07962e-05 -0.0014537 -0.000823916 9.4639e-05 -2.07043e-21 8.14299e-05 -4.46169e-21 -3.96489e-05 2.04941e-07 -4.67507e-05 2.21418e-06
23.6143 0.00765853 -0.0401919 -4.69959e-05 3.13412e-07 2.0349e-05 -7.25899e-07 -0.00141473 -0.000853815 -6.4084e-05 -3.93108e-22 -6.3125e-05 -1.84655e-21 3.06802e-05 3.10919e-08 3.16769e-05 -1.27335e-06
23.719 0.00768741 -0.040088 0.00016595 2.5794e-05 -8.16622e-05 -1.86809e-05 -0.00144985 -0.000821478 7.16657e-05 2.30092e-21 6.00428e-05 5.87238e-21 -2.92508e-05 2.00677e-07 -3.54511e-05 1.60047e-06
23.8237 0.00751843 -0.0398081 0.000148236 -9.11678e-05 -7.67223e-05 4.1037e-05 -0.00138494 -0.000864064 3.58638e-05 1.97876e-22 4.16634e-05 5.31004e-21 -2.01968e-05 -4.38885e-08 -1.77302e-05 6.33575e-07
23.9285 0.0075537 -0.0396759 0.000187223 -0.000158768 -9.64968e-05 7.16265e-05 -0.00142261 -0.000847267 -5.40385e-05 9.24597e-22 -5.15322e-05 -5.51849e-21 2.50333e-05 -3.27651e-08 2.67582e-05 -1.07544e-06
24.0332 0.00744161 -0.0395668 0.000222849 -7.36337e-05 -0.000111617 2.95731e-05 -0.00138873 -0.000812151 5.13301e-06 8.35134e-23 2.62969e-05 5.55287e-22 -1.27581e-05 -2.55368e-08 -2.55056e-06 5.30381e-08
24.1379 0.00731202 -0.0394258 6.82823e-05 -0.000127708 -3.68914e-05 5.94041e-05 -0.00134576 -0.000792135 7.44916e-05 -3.72086e-21 7.31019e-05 3.40576e-21 -3.55401e-05 3.50317e-08 -3.68659e-05 1.4513e-06
24.2426 0.00728364 -0.0392009 0.000110401 -0.000256338 -6.1054e-05 0.000120787 -0.00134999 -0.000819135 3.456e-05 -2.68433e-21 4.28075e-05 4.83144e-21 -2.08209e-05 5.44947e-08 -1.71867e-05 7.12766e-07
24.3473 0.00731377 -0.0390567 -4.76915e-05 -8.61589e-05 2.10344e-05 4.2759e-05 -0.00138213 -0.000806244 -8.60813e-07 1.46424e-22 -5.99691e-06 5.36006e-23 2.87995e-06 7.81631e-08 4.00692e-07 5.61423e-08
24.4521 0.00724307 -0.0390092 -2.81366e-05 -0.00022768 8.78994e-06 0.000111387 -0.00137084 -0.000745978 3.42924e-05 -2.1308e-22 2.79332e-05 1.27408e-21 -1.3618e-05 4.44427e-08 -1.70018e-05 7.28656e-07
24.5568 0.00722528 -0.0387618 2.95101e-05 -7.54999e-05 -1.80995e-05 3.5426e-05 -0.00137823 -0.000785927 5.0188e-06 -2.23106e-22 -3.11442e-06 3.68952e-22 1.51377e-06 -9.9967e-09 -2.46979e-06 8.67865e-08
24.6615 0.00715874 -0.0386885 2.82732e-05 -0.000125402 -1.69919e-05 6.02127e-05 -0.00136572 -0.000738987 1.29341e-05 -1.69451e-22 1.568e-05 7.56578e-22 -7.61953e-06 -4.61113e-08 -6.39221e-06 2.10884e-07
24.7662 0.00696444 -0.0384181 0.00017713 -7.15743e-06 -8.88591e-05 -1.35162e-06 -0.00128541 -0.0007856 -3.03273e-05 -4.96894e-22 -4.50047e-05 -3.13164e-21 2.18635e-05 -1.60276e-08 1.50059e-05 -5.4311e-07
24.8709 0.00696526 -0.0382573 4.95571e-05 -5.75022e-05 -2.71329e-05 2.49961e-05 -0.0013031 -0.000785876 2.07882e-05 2.39523e-22 -3.62075e-06 1.8566e-21 1.76296e-06 -4.88985e-08 -1.02315e-05 3.41938e-07
24.9757 0.006965 -0.0382382 0.000133389 -0.000116911 -6.96248e-05 5.33577e-05 -0.00132577 -0.000716605 1.75332e-05 -8.92425e-23 -1.05566e-05 -5.39862e-24 5.15528e-06 -6.95348e-08 -8.62682e-06 2.62147e-07
