0.0523599 0.0776544 -0.0389203 0.0328071 -0.0151031 0.00584536 0.0111681 0.0692642 0.00336997 -0.0176651 0.00605977 -0.0296229 -0.00646968 0.00307287 0.0010458 0.0123547 -0.000787457
0.15708 0.104546 -0.0633621 0.0404266 -0.00844477 -0.00373448 0.0125542 0.0663417 0.0050852 -0.00271619 -0.00310183 -0.0149315 0.00451864 0.00243451 -0.000857006 0.00375049 0.000580689
0.261799 0.120455 -0.073346 0.0371389 -0.000305353 -0.00602091 0.00939934 0.0637796 0.00619576 -0.00287781 0.00320914 -0.00357527 -0.00508611 0.000286506 0.000917411 0.0021034 -0.000203571
0.366519 0.130399 -0.0755901 0.0344404 -0.00125405 -0.00712249 0.00873375 0.0608901 0.00507988 -0.00307008 0.000781899 -0.00189385 -0.000249589 0.000157834 -9.11319e-05 0.00171576 -3.02204e-05
0.471239 0.137173 -0.0802371 0.0346158 0.00382502 -0.00898885 0.00587478 0.0589416 0.0045496 -0.000985823 -0.00235258 0.000198186 0.00250927 3.94725e-05 -0.000720663 0.000247864 0.000737826
0.575959 0.145341 -0.0846312 0.0283724 0.0067967 -0.00793092 0.00365296 0.0559601 0.0042973 -0.00235193 0.00448794 0.000114843 -0.0036162 -0.000393051 0.000920788 0.00135301 -0.00130345
0.680678 0.14671 -0.0842918 0.0269321 0.00474266 -0.00759524 0.00371435 0.0540369 0.00219031 0.00205354 -0.000954854 -0.00396728 0.000107638 0.00110355 2.18601e-05 -0.000471159 0.000315709
0.785398 0.147714 -0.0892617 0.0258179 0.00685864 -0.00778457 0.00239621 0.0525279 0.00135252 -0.00272029 -0.0010675 0.00185078 0.00115697 -0.000537972 -0.000474816 0.000925538 0.000522964
0.890118 0.14961 -0.0920211 0.0237174 0.00666547 -0.00727786 0.00199458 0.0505862 0.000228295 0.000168867 0.00107206 -0.000281827 -0.000925643 2.84702e-05 0.000293173 2.4865e-05 -0.000383611
0.994838 0.154026 -0.0944369 0.0192835 0.00697535 -0.00648408 0.00106559 0.047289 -0.000605446 -0.000600799 -0.000842742 -0.000166723 0.000508551 5.49221e-05 -0.000207953 0.000228406 0.000374713
1.09956 0.152022 -0.093232 0.0199442 0.00538 -0.00649087 0.00107264 0.0459571 -0.00311635 0.000631832 -0.00106157 -0.0020943 0.00105673 0.000629897 -0.000313739 -0.000142694 0.000367325
1.20428 0.151555 -0.0962235 0.0162206 0.00619902 -0.00528545 0.000363427 0.0439883 -0.00397269 -0.000384564 0.00205826 0.00132346 -0.00231519 -0.000450759 0.000711095 0.000162996 -0.000715115
1.309 0.150106 -0.0985331 0.0176015 0.00592523 -0.00585761 0.000363569 0.0428035 -0.00508997 0.000830381 0.000573516 -0.000164213 -0.00051677 6.0434e-05 0.000202091 -0.000329001 -0.000265969
1.41372 0.151135 -0.099985 0.0151749 0.0083853 -0.00540419 -0.00112358 0.0402945 -0.00589099 -0.000114809 -0.00142479 -0.000451057 0.000918145 0.000172225 -0.000332074 1.36772e-05 0.000583805
1.51844 0.149034 -0.0982099 0.0112306 0.00449562 -0.00348243 -0.000149595 0.0384289 -0.00822858 -0.000919213 -0.000957413 0.000849076 0.000839556 -0.000245855 -0.000296252 0.000312813 0.000417324
1.62316 0.146952 -0.100287 0.0115483 0.00303408 -0.003658 0.000427291 0.0370519 -0.00912395 0.00058866 0.00071298 -0.000260015 -0.00104777 7.6239e-05 0.000342939 -0.000217888 -0.000282152
1.72788 0.144287 -0.100825 0.0131437 0.00325787 -0.00437805 0.000143335 0.0358657 -0.0103613 -0.000494568 -0.000545467 0.000109318 0.000655013 -3.55184e-05 -0.000221634 0.000195234 0.000228092
1.8326 0.14243 -0.10268 0.0107476 0.00318174 -0.00333154 3.00576e-05 0.0343609 -0.0109437 -0.000119058 0.00099096 0.000429867 0.000281472 -0.00015847 -5.30828e-05 7.51275e-05 -0.000460067
1.93732 0.141143 -0.101973 0.0114614 0.00181533 -0.00382678 0.000416125 0.0325368 -0.0122739 8.28494e-05 -2.17448e-05 -0.000369051 -0.000172032 0.000112955 5.17359e-05 -1.83223e-05 1.81077e-05
2.04204 0.137574 -0.1021 0.0125886 0.00218506 -0.00424858 -2.6036e-06 0.0316515 -0.0134089 0.000172984 0.00038883 0.000292263 -0.000260926 -8.90057e-05 9.25154e-05 -8.21572e-05 -0.000171374
2.14675 0.135559 -0.104226 0.0103882 0.00434433 -0.00343914 -0.00094416 0.0302071 -0.0134106 0.00058234 0.000568118 -0.000213882 -0.000651986 7.19084e-05 0.000225681 -0.000237003 -0.000240757
2.25147 0.132057 -0.104262 0.0123366 0.00219551 -0.00416994 -9.06027e-05 0.0293255 -0.0143933 -0.000118438 0.000314742 -0.000622899 0.000555457 0.000177716 -0.000163689 0.000102475 -0.000165498
2.35619 0.130495 -0.10816 0.00961471 0.00729641 -0.00329143 -0.00212431 0.0278291 -0.0133986 0.000565221 -0.000539436 -0.000278571 -0.000302208 0.000122088 8.90725e-05 -0.000255828 0.000239702
2.46091 0.129245 -0.106063 0.00746334 0.00287747 -0.00232698 -0.000604295 0.0259822 -0.0149156 -0.000633322 0.000117868 -0.000966764 -9.2699e-05 0.000283116 1.79616e-05 0.00032905 -3.0858e-05
2.56563 0.125653 -0.10686 0.00995712 0.00513875 -0.00341061 -0.00151287 0.025371 -0.0151109 0.00115599 -0.000203806 0.00016556 0.000342882 -1.5357e-05 -9.088e-05 -0.00052478 4.83407e-05
2.67035 0.124196 -0.106905 0.0064349 0.00446726 -0.00201055 -0.00140069 0.0236847 -0.0155031 0.000116309 -0.000227546 0.000525345 -9.13206e-05 -0.000159239 2.76829e-05 -7.61337e-05 0.000101242
2.77507 0.121544 -0.108979 0.00622806 0.00364485 -0.00194657 -0.00104064 0.0226189 -0.0152589 -0.000856003 0.000489931 -3.91336e-05 -3.76006e-05 -1.43455e-05 7.72702e-06 0.000395559 -0.000202335
2.87979 0.12031 -0.108209 0.00678599 0.00274193 -0.00221275 -0.000724214 0.0211933 -0.0158496 0.000254966 -0.000272207 -0.000439151 0.000665649 0.000151422 -0.000220537 -0.000101888 9.46565e-05
2.98451 0.119054 -0.107132 0.00570922 0.00195408 -0.00185042 -0.000549793 0.0196818 -0.0165008 7.36994e-05 0.000181273 7.97262e-05 -0.000460039 -2.66112e-05 0.000152802 -3.40329e-05 -7.00398e-05
3.08923 0.114694 -0.107377 0.00791916 0.00266853 -0.00268225 -0.00081697 0.019537 -0.0165809 -5.79367e-06 9.91273e-05 -0.00016549 0.000193682 5.2447e-05 -6.26323e-05 1.0436e-05 -5.19873e-05
3.19395 0.114991 -0.107516 0.00443884 0.00287821 -0.00142187 -0.000956965 0.0174557 -0.0165458 -0.000609667 2.55303e-05 0.000309978 -0.000107148 -0.000110023 2.84933e-05 0.000272077 -7.09356e-06
3.29867 0.11063 -0.106669 0.00587239 0.00131881 -0.00187387 -0.000390937 0.017347 -0.0170279 0.000290956 0.000303898 0.000303282 7.45093e-06 -9.86329e-05 8.0805e-06 -0.000140455 -0.000137004
3.40339 0.109196 -0.106525 0.00642796 0.000918389 -0.00222888 -0.000205965 0.0161312 -0.017106 -0.000117418 -6.24169e-06 -0.000609599 -0.000103552 0.000201828 3.24677e-05 7.19657e-05 5.14761e-06
3.50811 0.106179 -0.105939 0.00725042 0.0022019 -0.00260506 -0.00083083 0.0156198 -0.0172713 0.000356066 3.02967e-05 0.000289616 0.000681264 -9.26464e-05 -0.000223835 -0.000168577 -3.4851e-05
3.61283 0.105427 -0.106245 0.0050015 0.00143572 -0.00168076 -0.000572209 0.0142171 -0.0171363 1.0727e-06 -0.0007369 -5.53108e-05 0.000219659 2.51163e-05 -8.47666e-05 3.27116e-06 0.000330373
3.71755 0.10156 -0.10585 0.0063713 0.00245854 -0.00222035 -0.00102925 0.0141418 -0.0171198 0.000363377 0.000109394 -0.000474262 -5.05721e-05 0.000169258 2.08461e-05 -0.000148623 -4.59563e-05
3.82227 0.100604 -0.107303 0.00459231 0.00350058 -0.00153354 -0.00138445 0.0128983 -0.0163345 8.29143e-05 0.000386743 0.000124235 -0.000109041 -4.52061e-05 4.48016e-05 -4.21777e-05 -0.000172098
3.92699 0.0989994 -0.106968 0.00404977 0.00269898 -0.00133335 -0.00108182 0.0119721 -0.0163122 0.000122273 -0.000604116 -1.04625e-05 0.000404465 1.00943e-05 -0.000146291 -5.13119e-05 0.000268685
4.03171 0.0975824 -0.105838 0.0039734 0.000787316 -0.00132184 -0.000336918 0.0110432 -0.0166214 0.000273793 4.37791e-05 -0.000207057 -5.30254e-05 7.51555e-05 2.1229e-05 -0.00012108 -1.69086e-05
4.13643 0.0965752 -0.105449 0.00359298 0.00196293 -0.00120515 -0.000792917 0.0100537 -0.0164507 -0.000269567 0.000232614 2.20519e-05 -4.67889e-05 -1.20738e-05 1.62196e-05 0.000120181 -0.000110151
4.24115 0.0935001 -0.10386 0.00366682 -6.20612e-05 -0.00124658 -4.20175e-05 0.00981673 -0.0168544 0.000172169 4.62266e-05 -3.08361e-05 0.000185917 1.25033e-05 -6.35537e-05 -7.95059e-05 -2.26685e-05
4.34587 0.0917626 -0.104198 0.00452103 0.000821207 -0.00162807 -0.000386924 0.00918738 -0.0164249 0.000391996 -0.000152995 0.000125396 -0.000400378 -3.88384e-05 0.000143068 -0.000178466 8.37815e-05
4.45059 0.0897292 -0.10311 0.00400417 0.000794749 -0.00141587 -0.000444594 0.00870278 -0.0165376 -0.000196586 0.000106571 0.000145603 0.0002863 -5.48876e-05 -0.000102059 8.41068e-05 -5.74598e-05
4.55531 0.0878231 -0.10346 0.00348533 0.000461273 -0.00118843 -0.000284098 0.00815289 -0.0160642 0.000151731 -0.000415322 -0.000303344 -0.000320175 0.000113534 0.000111789 -5.49102e-05 0.000197118
4.66003 0.0858091 -0.102076 0.00538965 -0.000492021 -0.00202153 8.9431e-05 0.00779319 -0.0163074 -8.48138e-05 0.000157346 0.000522034 1.3229e-05 -0.000193671 -9.29835e-07 2.00818e-05 -7.03449e-05
4.76475 0.0837223 -0.10274 0.00555276 0.00129496 -0.00206573 -0.000643595 0.00746298 -0.0156188 5.39221e-05 0.000233944 -0.00025362 8.54921e-05 9.32645e-05 -2.87805e-05 -2.15732e-05 -0.000107658
4.86947 0.082679 -0.102338 0.00452272 0.00150511 -0.00166467 -0.00073212 0.006707 -0.0153875 -0.000428473 0.000186796 0.000129285 0.000202316 -5.56299e-05 -7.41376e-05 0.000187654 -9.64852e-05
4.97419 0.0811162 -0.102189 0.00446809 0.00192756 -0.00167138 -0.000923618 0.00620027 -0.0150591 0.000107948 -0.000423912 0.00016818 0.000140731 -5.92772e-05 -5.59954e-05 -4.38839e-05 0.000193277
5.07891 0.0806289 -0.102102 0.00250951 0.00191083 -0.000860987 -0.000868314 0.00526506 -0.0146666 -1.27877e-05 0.000227811 5.14311e-05 4.68948e-06 -2.05995e-05 -2.50961e-06 9.99503e-08 -0.000107225
5.18363 0.078089 -0.100659 0.00363618 0.00120649 -0.00137752 -0.00062962 0.00525784 -0.0148489 -0.000133318 -0.000215569 2.87582e-05 -0.000201857 -1.01507e-05 7.25051e-05 6.62258e-05 9.86101e-05
5.28835 0.0773905 -0.100947 0.00238919 0.00166372 -0.000828245 -0.000818341 0.00451704 -0.0143341 -3.55666e-05 -7.79606e-05 0.000275142 0.000455354 -0.000100714 -0.000170341 1.69527e-05 3.29793e-05
5.39307 0.0766687 -0.0988638 0.00156775 0.00036995 -0.000539045 -0.000295143 0.0038533 -0.0147983 -0.000124201 -5.21949e-06 -0.000139844 -8.78706e-05 5.13354e-05 3.25747e-05 5.90202e-05 -9.65986e-07
5.49779 0.0741974 -0.098717 0.00230827 -7.4349e-05 -0.000811614 -8.87943e-05 0.00392118 -0.0143778 -5.21208e-05 5.92619e-05 2.1005e-05 -4.63549e-05 -8.56854e-06 1.79822e-05 2.2317e-05 -2.74982e-05
5.60251 0.0731608 -0.0972737 0.0020291 -0.000816724 -0.000771623 0.000210834 0.00341114 -0.0145534 7.39158e-05 -0.000100869 -0.000182801 -0.000236073 6.79487e-05 8.92191e-05 -2.8549e-05 5.12914e-05
5.70723 0.069878 -0.0982135 0.00425644 -0.000265687 -0.00164267 -5.60907e-05 0.00387349 -0.0137164 -0.000509414 -0.000353504 0.000228424 0.000106299 -9.6803e-05 -4.65257e-05 0.000230476 0.000148858
5.81195 0.0704891 -0.0970455 0.00290079 -0.000580972 -0.00112374 0.000115163 0.00277127 -0.0137905 0.000198977 0.000225827 2.08759e-05 2.25723e-05 -6.53189e-06 -6.22324e-06 -9.75483e-05 -9.87462e-05
5.91667 0.0677794 -0.0965981 0.00439784 0.000412506 -0.00173594 -0.000351557 0.0030973 -0.0134782 -6.88792e-05 -0.000201749 0.000331994 0.000231544 -0.000132615 -9.15614e-05 2.67839e-05 8.63734e-05
6.02139 0.0670865 -0.096347 0.00361755 0.00063941 -0.00140934 -0.000412868 0.00255989 -0.0131205 -0.000125827 2.11595e-05 0.000195385 -4.31471e-05 -7.77139e-05 1.76127e-05 5.39202e-05 -1.13646e-05
6.12611 0.0659602 -0.0961636 0.00298128 0.000792957 -0.00114995 -0.000455332 0.00220561 -0.0127256 -6.41367e-05 0.000233417 -0.00014336 -0.00032758 5.44409e-05 0.000128091 2.49542e-05 -0.000106981
6.23083 0.065402 -0.0957166 0.00259042 0.00137185 -0.00101148 -0.000703602 0.00165977 -0.0124804 -8.62855e-05 -9.64697e-05 -4.81211e-05 0.000297246 2.12731e-05 -0.000113826 4.5387e-05 4.36245e-05
6.33555 0.0637376 -0.0946567 0.00206378 5.84691e-05 -0.000791052 -0.000142077 0.00161638 -0.0124601 -8.71593e-05 8.22393e-06 0.000113336 -0.000204157 -4.48023e-05 7.92698e-05 3.97166e-05 -4.16427e-06
6.44026 0.0625854 -0.0944323 0.00240278 0.000476255 -0.000950778 -0.000325177 0.00136999 -0.012106 0.000244281 9.44594e-05 0.000225709 7.71304e-05 -8.84318e-05 -2.94527e-05 -0.000118349 -3.72395e-05
6.54498 0.0621477 -0.0936615 0.00230074 0.000273475 -0.000927327 -0.000256017 0.000872766 -0.0120385 -0.000131193 -0.000164779 -0.000103862 -8.40572e-05 4.12821e-05 3.27668e-05 6.73188e-05 7.34838e-05
6.6497 0.0606951 -0.0926763 0.00217861 -9.72399e-05 -0.000885403 -9.87967e-05 0.000823587 -0.0119822 0.00021797 -7.13889e-05 6.71229e-05 2.68021e-05 -2.5764e-05 -1.06717e-05 -9.99767e-05 3.94323e-05
6.75442 0.059259 -0.0923966 0.00257503 0.000216728 -0.00103275 -0.000249687 0.00079417 -0.0116455 -0.000440468 0.000181909 9.6834e-05 -0.000238846 -4.22493e-05 9.92199e-05 0.000197165 -9.04497e-05
6.85914 0.0587652 -0.0917423 0.00208331 0.000229272 -0.000833963 -0.000230505 0.000370984 -0.0114826 0.000302177 0.0001291 -2.35859e-05 4.07335e-06 1.08037e-05 -5.87753e-07 -0.000143832 -5.08583e-05
6.96386 0.0573021 -0.0910599 0.0021913 -0.000131811 -0.00089136 -7.69917e-05 0.000375009 -0.0113087 -0.000263394 -0.000288639 0.000176729 0.000131606 -7.34903e-05 -5.49846e-05 0.000126758 0.000124887
7.06858 0.0564591 -0.0910164 0.00204982 0.000430329 -0.00080813 -0.000314962 0.000136125 -0.0108875 0.000216577 1.39404e-05 -0.000321473 3.10511e-05 0.000132571 -1.32273e-05 -9.69895e-05 -2.06232e-06
7.1733 0.0558621 -0.0905977 0.00122866 8.52311e-05 -0.000465091 -0.000123369 -0.000215358 -0.0106177 -1.43962e-05 -9.02986e-06 0.000115021 8.94448e-05 -4.52527e-05 -3.64513e-05 7.29824e-06 3.69141e-06
7.27802 0.0547282 -0.0891659 0.00230641 -0.000790926 -0.000973567 0.000229835 -0.000248804 -0.010814 1.48266e-06 9.09474e-06 -0.00026341 -0.000229363 0.000108145 9.34384e-05 3.98773e-06 -2.27004e-06
7.38274 0.0538714 -0.0890133 0.00189692 0.000298042 -0.000787365 -0.000225887 -0.000445515 -0.0104181 -7.33279e-05 -7.52361e-05 0.000141767 0.000217651 -5.34132e-05 -8.78917e-05 3.97392e-05 3.28981e-05
7.48746 0.0531025 -0.0885135 0.00124152 -0.000215638 -0.000515565 1.3397e-05 -0.00066618 -0.0102095 -2.8488e-05 4.57502e-05 -6.93915e-05 -0.000174501 2.56965e-05 6.94711e-05 1.05887e-05 -2.3448e-05
7.59218 0.0518834 -0.0870789 0.00240422 -0.000967488 -0.00107722 0.000292393 -0.000626291 -0.0104267 1.5312e-05 -7.8755e-05 -0.000112911 0.000271805 4.64772e-05 -0.000112095 -3.78633e-06 3.29941e-05
7.6969 0.0508861 -0.0872993 0.00180412 0.000140145 -0.000761738 -0.000186126 -0.000700974 -0.0098892 -4.56823e-05 1.17592e-05 -0.000111075 -0.000120278 4.59185e-05 4.97306e-05 2.23842e-05 -5.98896e-06
7.80162 0.0498813 -0.0867533 0.00193366 -0.000525226 -0.000829352 9.89951e-05 -0.000754559 -0.00971536 0.000315457 4.86939e-05 6.53103e-05 -0.000208106 -2.40334e-05 8.7498e-05 -0.000146934 -9.98194e-06
7.90634 0.0493575 -0.0863512 0.00206143 0.000289212 -0.000867277 -0.000238235 -0.000978016 -0.00945996 7.66898e-05 -3.27882e-05 -2.06541e-05 1.28333e-05 8.7945e-06 -5.12283e-06 -3.47945e-05 1.78692e-05
8.01106 0.048423 -0.0859106 0.00186426 0.000322958 -0.000799084 -0.000267562 -0.00105416 -0.00924827 -0.000165144 7.18907e-05 0.000230728 0.000125949 -9.72159e-05 -5.25829e-05 7.29371e-05 -3.94584e-05
8.11578 0.0479043 -0.0849579 0.00135387 -0.000207622 -0.000564586 -1.04424e-05 -0.00123414 -0.00925531 8.13324e-05 -1.53096e-05 5.45075e-05 -2.85973e-05 -2.24755e-05 1.20551e-05 -3.78821e-05 1.03007e-05
8.2205 0.0467373 -0.0844688 0.00193755 -0.000255026 -0.000837447 -2.65351e-06 -0.00116622 -0.00905207 -8.21582e-06 0.000144068 7.54278e-05 -1.24436e-05 -3.17291e-05 6.32445e-06 -1.28495e-06 -6.68024e-05
8.32522 0.0459046 -0.0843335 0.00163445 0.0002177 -0.000688136 -0.000199508 -0.00123529 -0.00869399 2.8676e-05 -4.23203e-05 -7.71167e-05 0.000107 3.24962e-05 -4.51764e-05 -1.18177e-05 1.97933e-05
8.42994 0.0456278 -0.0837188 0.00140884 -5.50189e-05 -0.000602303 -5.86454e-05 -0.00152267 -0.00858171 -5.28055e-05 1.1151e-05 -2.37565e-05 -7.86565e-05 9.63279e-06 3.25295e-05 2.45491e-05 -7.1212e-06
8.53466 0.0448671 -0.0829939 0.0013371 -0.000414609 -0.000592994 0.000106899 -0.00159045 -0.00850394 -6.63517e-05 4.58199e-05 -6.0564e-05 -0.000110684 2.46278e-05 4.59582e-05 2.97567e-05 -2.38594e-05
8.63938 0.0440639 -0.0825015 0.00130847 -0.000262179 -0.000580338 2.20769e-05 -0.00162371 -0.0083428 -8.35342e-05 1.85402e-05 4.60729e-05 7.00392e-05 -1.97106e-05 -2.97726e-05 3.81439e-05 -1.18375e-05
8.7441 0.0433716 -0.0818424 0.00140411 -0.000583328 -0.000628156 0.000169078 -0.00168266 -0.00824857 6.26099e-05 -5.94365e-05 4.40233e-05 6.46672e-05 -1.87522e-05 -2.78107e-05 -2.83716e-05 2.92468e-05
8.84882 0.0425303 -0.0818022 0.00194412 -0.000180398 -0.000855503 -2.36814e-05 -0.00168569 -0.00788658 4.37563e-05 -1.14527e-05 -0.000381022 3.20052e-05 0.000164212 -1.52721e-05 -1.62349e-05 4.62754e-06
8.95354 0.0424214 -0.0808056 0.00111764 -3.82075e-05 -0.000500428 -6.27416e-05 -0.00197991 -0.00796256 0.000143326 0.000114655 -5.4888e-05 -0.000105666 2.16174e-05 4.51874e-05 -7.2801e-05 -4.89925e-05
9.05826 0.0413539 -0.0801197 0.00146417 -0.00054739 -0.000662205 0.000150835 -0.00184058 -0.00788422 -3.55478e-05 2.51315e-07 -1.1098e-05 3.11809e-05 4.50652e-06 -1.34045e-05 1.6602e-05 -1.61224e-06
9.16298 0.0407744 -0.0798143 0.00114847 -5.73826e-05 -0.000509241 -5.56429e-05 -0.00192612 -0.00764315 2.89013e-05 -5.31987e-05 -4.60116e-05 3.97394e-05 1.98076e-05 -1.69018e-05 -1.16887e-05 2.58748e-05
9.2677 0.0400221 -0.0793427 0.00121639 -0.00014917 -0.000537162 -1.73727e-05 -0.00191522 -0.00748588 -0.000256698 -8.63508e-05 0.000107453 0.000128693 -4.72945e-05 -5.54796e-05 0.000122104 3.20609e-05
9.37242 0.0395378 -0.0789458 0.00107606 -0.000491217 -0.0004878 0.000146411 -0.00203308 -0.00730933 8.8422e-05 0.000111765 -4.83689e-05 -1.618e-05 2.11722e-05 7.16106e-06 -4.4671e-05 -5.00717e-05
9.47714 0.039 -0.0785363 0.00115352 -6.47347e-05 -0.00051046 -4.45342e-05 -0.00209714 -0.00713536 -2.98978e-05 -7.9773e-05 3.35208e-05 5.68781e-06 -1.41238e-05 -2.52109e-06 1.68662e-05 3.6871e-05
9.58186 0.038457 -0.0777663 0.000959536 -0.000600725 -0.000445218 0.000208619 -0.00215497 -0.00712613 5.24614e-05 -2.60981e-05 8.93848e-05 -7.91718e-05 -3.86823e-05 3.40469e-05 -2.44839e-05 1.47132e-05
9.68658 0.0375464 -0.0776352 0.00134027 -0.000215441 -0.000602331 2.12527e-05 -0.00205051 -0.00682618 -4.05694e-05 9.93608e-05 -6.27397e-06 -1.04826e-05 2.53348e-06 4.56121e-06 1.61346e-05 -4.83357e-05
9.7913 0.0372101 -0.0770587 0.0011177 -0.000211822 -0.000503959 2.72201e-05 -0.00218125 -0.00675042 -0.000142118 -2.63426e-05 0.000188432 1.97895e-05 -8.15084e-05 -9.24647e-06 6.76943e-05 7.7014e-06
9.89602 0.0368731 -0.0766315 0.00102561 -0.000385869 -0.000474004 0.000116226 -0.00231994 -0.0066108 5.9326e-06 2.80876e-05 -4.711e-05 -0.000103116 1.95667e-05 4.47408e-05 -4.17945e-06 -1.29753e-05
10.0007 0.0361357 -0.0757374 0.00112017 -0.000773626 -0.000532124 0.000282774 -0.00224386 -0.00667426 4.13259e-06 -0.000120166 3.88975e-05 6.77994e-05 -1.73879e-05 -2.99571e-05 8.72696e-07 5.63545e-05
10.1055 0.0355111 -0.0753833 0.00142709 -0.000388033 -0.000663843 9.72536e-05 -0.0022284 -0.00650205 -0.000108056 -1.05934e-05 2.4577e-05 8.24212e-05 -1.13072e-05 -3.60287e-05 5.09297e-05 1.14151e-06
10.2102 0.0349187 -0.0748953 0.00122141 -0.000366211 -0.000573692 9.1924e-05 -0.00222356 -0.00638888 3.52776e-05 4.13736e-05 -0.00010903 -2.72786e-05 4.81468e-05 1.18243e-05 -1.68322e-05 -1.86297e-05
10.3149 0.0342061 -0.0749281 0.00109893 -0.00014991 -0.000500355 -2.94519e-06 -0.00217066 -0.00603962 -5.31266e-05 9.39367e-05 -5.83329e-05 3.08677e-05 2.57222e-05 -1.35433e-05 2.28834e-05 -4.6471e-05
10.4196 0.034041 -0.0741566 0.0012724 -0.000344303 -0.000588881 8.03813e-05 -0.002324 -0.00609231 9.49875e-05 -9.7667e-05 2.06262e-05 9.91847e-05 -9.58192e-06 -4.47207e-05 -4.29869e-05 4.7787e-05
10.5243 0.0334991 -0.0740402 0.00105268 0.000192261 -0.000465435 -0.000148533 -0.00232433 -0.00581082 -7.01697e-05 -5.79392e-05 8.00909e-05 6.38321e-05 -3.39629e-05 -2.85309e-05 3.63391e-05 2.50185e-05
10.6291 0.0333678 -0.0733129 0.000736315 -6.65404e-05 -0.000340809 -1.88576e-05 -0.00249819 -0.00584472 5.70464e-05 7.97528e-05 -2.64984e-05 -3.34267e-05 1.02385e-05 1.46897e-05 -3.10463e-05 -3.62245e-05
10.7338 0.0327076 -0.0729176 0.00057199 -0.000227966 -0.000267426 6.00577e-05 -0.00243147 -0.00570387 2.13782e-05 8.82036e-06 5.3265e-05 3.08496e-05 -2.32792e-05 -1.37551e-05 -1.04927e-05 -3.64508e-06
10.8385 0.0323478 -0.0723861 0.000620572 -0.000197089 -0.000290862 4.6533e-05 -0.00248499 -0.00564608 -7.57119e-05 -2.09121e-05 -3.32884e-05 -9.71843e-05 1.44446e-05 4.23678e-05 3.6839e-05 7.25014e-06
10.9432 0.0316293 -0.0717702 0.00089328 -0.000504945 -0.000429779 0.000168986 -0.00237296 -0.00562597 -9.65429e-06 -0.000132233 0.000102356 8.97302e-05 -4.68738e-05 -4.01621e-05 6.27461e-06 6.19689e-05
11.0479 0.0313274 -0.071672 0.000496011 -0.000311055 -0.000231194 0.000103088 -0.00245627 -0.00536668 -4.99341e-05 4.30085e-05 -1.62658e-05 2.87627e-05 7.30256e-06 -1.30571e-05 2.25931e-05 -2.24908e-05
11.1527 0.0309002 -0.0709871 0.000772854 -0.000572562 -0.000373411 0.000211203 -0.00246124 -0.00539535 -1.73214e-05 -2.18842e-05 -4.35776e-05 -5.61566e-05 1.96218e-05 2.50393e-05 9.55916e-06 1.02191e-05
11.2574 0.0303369 -0.07077 0.000932868 -0.000450205 -0.000440082 0.00015344 -0.0024128 -0.00519694 1.77572e-05 -0.000102384 6.40957e-05 -4.07808e-06 -2.87619e-05 1.79214e-06 -5.95736e-06 4.95775e-05
11.3621 0.0301526 -0.0702182 0.000898947 -0.000332844 -0.000430893 0.000107305 -0.00252452 -0.0051684 5.81648e-05 4.54948e-05 0.000141398 3.49486e-05 -6.29638e-05 -1.60951e-05 -2.97187e-05 -2.04628e-05
11.4668 0.0294274 -0.0698977 0.00107962 -7.26093e-05 -0.000501126 -2.73776e-05 -0.00238214 -0.00502455 -6.05638e-05 -4.74504e-05 -5.98348e-05 2.16591e-05 2.66604e-05 -9.97151e-06 3.05071e-05 2.05629e-05
11.5715 0.0294474 -0.0694335 0.000558897 -0.000308468 -0.000272708 0.000105724 -0.00258619 -0.00496889 -6.79044e-06 8.6627e-05 -2.54779e-05 -0.000110731 1.03054e-05 4.90233e-05 -1.92169e-07 -4.19222e-05
11.6763 0.0287952 -0.0690151 0.000853518 -0.000306716 -0.000405075 9.25782e-05 -0.00246583 -0.00487747 9.27613e-05 2.47827e-05 -6.04138e-05 -6.65901e-05 2.7368e-05 2.98915e-05 -4.45647e-05 -8.86394e-06
11.781 0.0283499 -0.0684762 0.000910793 8.95448e-05 -0.00042059 -9.68264e-05 -0.00242831 -0.00485085 -2.16065e-05 -8.22192e-05 -2.03964e-05 5.73697e-05 8.90091e-06 -2.60213e-05 1.26397e-05 3.82277e-05
11.8857 0.0278976 -0.0680409 0.000262482 -0.000219723 -0.00012864 6.89345e-05 -0.0024018 -0.0047673 4.70703e-05 6.51398e-05 -1.29431e-05 3.49849e-05 5.70043e-06 -1.57067e-05 -2.45803e-05 -2.99271e-05
11.9904 0.0274929 -0.0679676 0.000774041 -0.000424887 -0.000372175 0.00015404 -0.00240645 -0.00453908 8.73847e-06 7.1132e-05 -4.84829e-05 -8.22179e-05 2.19509e-05 3.7173e-05 -5.796e-06 -3.34765e-05
12.0951 0.0272336 -0.0673371 0.000668664 -0.000346112 -0.000323067 0.000116564 -0.00244202 -0.00457385 -4.49333e-05 -6.7167e-05 4.88181e-05 6.64278e-05 -2.26088e-05 -3.00183e-05 2.25859e-05 3.05698e-05
12.1999 0.0268841 -0.0672302 0.000427324 -0.000146663 -0.00019901 3.33242e-05 -0.0024541 -0.00435901 2.73516e-05 -7.9664e-05 2.5735e-05 -9.39947e-06 -1.13901e-05 4.48549e-06 -1.06231e-05 3.93373e-05
12.3046 0.0268778 -0.0666598 0.000464292 -0.0006688 -0.000239415 0.000285729 -0.00261396 -0.00437879 1.01187e-05 9.36879e-05 5.98166e-05 -1.38887e-05 -2.74021e-05 5.74213e-06 -8.23157e-06 -4.50381e-05
12.4093 0.0262784 -0.0661961 0.000890359 -0.000221775 -0.000425279 5.97194e-05 -0.00248278 -0.00433266 -1.59032e-05 -2.24979e-05 -0.000148881 -6.18225e-05 6.7362e-05 2.81246e-05 8.81829e-06 1.06723e-05
12.514 0.0261573 -0.0657332 0.000345835 -0.00052805 -0.000185012 0.00021783 -0.00258568 -0.00430453 -0.000127782 3.02176e-05 9.08532e-05 -7.79222e-06 -4.14146e-05 3.96475e-06 5.98222e-05 -1.76578e-05
12.6187 0.0254888 -0.065517 0.000839187 -0.000459946 -0.00040547 0.000172703 -0.00242652 -0.0041436 0.000117209 -4.52657e-05 -3.89462e-05 -2.7786e-05 1.78736e-05 1.25249e-05 -5.4699e-05 2.50981e-05
12.7235 0.0253827 -0.0650519 0.000739282 -0.000244443 -0.000360913 7.70704e-05 -0.00252411 -0.0041224 -0.000109412 -1.91176e-05 -7.23382e-06 5.0432e-05 3.63577e-06 -2.30618e-05 5.35396e-05 5.65862e-06
12.8282 0.024801 -0.0646797 0.00071133 -0.000225477 -0.000342963 6.39077e-05 -0.00239492 -0.00404353 3.29905e-05 4.91567e-05 -7.34743e-05 2.23018e-05 3.37386e-05 -1.0459e-05 -1.6656e-05 -2.31286e-05
12.9329 0.0247747 -0.0642655 0.000503934 -0.000217176 -0.000250268 6.73122e-05 -0.00252479 -0.00400977 -0.000101182 -6.01083e-05 1.18866e-05 -0.000123721 -5.44061e-06 5.6939e-05 5.05328e-05 2.69609e-05
13.0376 0.0242897 -0.0637612 0.000471121 -0.000381508 -0.000234931 0.000143931 -0.00242747 -0.00399893 0.000124728 4.41931e-05 -4.27894e-06 0.000163195 1.72074e-06 -7.52326e-05 -6.16662e-05 -1.93567e-05
13.1423 0.0237856 -0.0635519 0.000680693 -0.000366506 -0.000329189 0.000132634 -0.00233301 -0.00385393 -6.61585e-05 -7.21626e-05 -5.62478e-05 -5.21304e-05 2.57475e-05 2.37164e-05 3.41949e-05 3.30275e-05
13.247 0.0234586 -0.063353 0.000584833 -0.000351234 -0.000282124 0.000130403 -0.0023201 -0.00371231 2.46465e-05 6.00961e-05 0.000146299 1.74725e-06 -6.7079e-05 -5.45214e-07 -1.42607e-05 -2.7877e-05
13.3518 0.0233011 -0.063068 0.000753143 -0.000196073 -0.000359868 5.68412e-05 -0.00237944 -0.00362229 2.34013e-06 5.01014e-05 -2.22228e-05 -1.67844e-05 9.98091e-06 7.64943e-06 -2.64353e-06 -2.40956e-05
13.4565 0.0231314 -0.06266 0.000520704 -0.000108354 -0.000250868 2.38794e-05 -0.00242617 -0.00358914 -3.44425e-06 -3.10137e-05 5.28958e-06 -1.20102e-05 -2.22063e-06 5.55607e-06 2.73517e-06 1.49407e-05
13.5612 0.0229892 -0.0623193 0.000396858 -0.000297544 -0.000198391 0.000117942 -0.00248676 -0.00353153 2.74289e-06 -4.8453e-06 -5.40842e-05 -8.21454e-06 2.45497e-05 4.23051e-06 -1.30973e-06 2.81291e-06
13.6659 0.0228193 -0.0619021 0.000258155 -0.000258381 -0.000134694 0.000103926 -0.00252741 -0.00351049 -3.19774e-05 -6.55839e-06 -9.55736e-06 1.29166e-05 4.70909e-06 -5.9941e-06 1.59412e-05 2.12605e-06
13.7706 0.0221901 -0.0614378 0.000745792 -0.000333558 -0.00036851 0.000120607 -0.00234793 -0.00350016 4.70936e-06 6.49009e-05 -3.28318e-05 -0.000128959 1.58144e-05 5.95822e-05 -3.18204e-06 -3.0297e-05
13.8754 0.0220454 -0.061301 0.000512871 6.45475e-05 -0.00024443 -5.8286e-05 -0.00240096 -0.0033507 8.45779e-05 7.21202e-07 3.84319e-05 7.18288e-05 -1.75514e-05 -3.25854e-05 -4.07939e-05 2.4067e-06
13.9801 0.0218224 -0.0608759 0.000383595 -0.000260936 -0.000193573 9.72385e-05 -0.00241055 -0.00334099 -5.91878e-05 -4.13087e-05 -3.67332e-05 -2.15145e-05 1.69244e-05 9.99042e-06 2.98715e-05 1.83966e-05
14.0848 0.021489 -0.0604632 0.000431475 -0.000274957 -0.000216599 0.000101578 -0.00236226 -0.00332158 4.81499e-05 -1.39563e-05 -1.47349e-05 -1.29093e-05 6.93371e-06 5.72875e-06 -2.26532e-05 7.87657e-06
14.1895 0.0213102 -0.0602236 0.000247907 -0.000133105 -0.000124084 4.0743e-05 -0.00239019 -0.00322759 -6.38889e-05 6.28774e-05 -1.78916e-05 -4.10209e-05 8.40957e-06 1.90708e-05 2.9362e-05 -3.19493e-05
14.2942 0.0209697 -0.0597704 0.00022426 -0.000329627 -0.00011798 0.000133932 -0.00233312 -0.00323041 9.4337e-05 2.55488e-05 -5.37401e-06 1.3102e-05 2.66235e-06 -6.35784e-06 -4.60646e-05 -1.0121e-05
14.399 0.0207971 -0.0595083 0.000423328 -0.000470076 -0.000215766 0.000201443 -0.0023612 -0.00315088 2.03194e-05 4.53237e-05 -7.49395e-07 -1.39612e-05 1.97344e-07 6.41977e-06 -1.11902e-05 -2.13436e-05
14.5037 0.0204871 -0.0591418 0.000333767 -0.000290445 -0.000170654 0.000114438 -0.00231753 -0.00312186 -6.68061e-05 -4.64115e-05 4.70642e-05 1.51934e-05 -2.21477e-05 -6.78435e-06 3.29801e-05 2.08649e-05
14.6084 0.0201879 -0.0590447 0.000420733 -0.000238166 -0.000205891 8.93192e-05 -0.00228494 -0.0029655 6.19791e-05 -4.59102e-05 -6.49762e-05 3.15707e-05 3.01547e-05 -1.43079e-05 -2.86206e-05 2.40641e-05
14.7131 0.0200828 -0.0585313 0.000399107 -0.000444735 -0.000206477 0.000190764 -0.00233114 -0.00301462 -2.23554e-06 -7.94305e-05 2.79555e-05 1.27705e-05 -1.29867e-05 -5.89108e-06 3.07554e-06 3.83893e-05
14.8178 0.0196921 -0.0583208 0.000419551 -0.000248358 -0.000208357 9.43165e-05 -0.00224639 -0.00291417 -1.76224e-05 4.25e-05 -1.28747e-05 0.000112787 5.84925e-06 -5.25067e-05 7.25287e-06 -2.15396e-05
14.9226 0.0196067 -0.0579772 0.000528848 -0.000375582 -0.000264381 0.000153995 -0.00230109 -0.00289091 -3.10379e-05 -5.66474e-06 0.000128287 -7.1293e-05 -5.96631e-05 3.33209e-05 1.47067e-05 2.39656e-06
15.0273 0.0192975 -0.0576106 0.000497533 -0.000225878 -0.000246881 8.36671e-05 -0.00224647 -0.00286869 1.32539e-05 -2.21938e-05 -2.43866e-05 8.76243e-05 1.13017e-05 -4.07607e-05 -5.79586e-06 1.07722e-05
15.132 0.0191863 -0.0573689 0.000376229 -0.000114553 -0.000186328 3.21834e-05 -0.00228841 -0.00280159 -2.74358e-05 1.78136e-05 -5.31952e-05 -7.98072e-05 2.50737e-05 3.72597e-05 1.33026e-05 -9.10379e-06
15.2367 0.018933 -0.0571615 0.000361614 -0.000201135 -0.000178684 7.62938e-05 -0.00226193 -0.00270989 1.66318e-05 2.14372e-05 6.23754e-05 7.18024e-05 -2.88476e-05 -3.35747e-05 -8.60232e-06 -1.01737e-05
15.3414 0.0187898 -0.0567253 0.000298193 -0.000110789 -0.000149185 3.57753e-05 -0.00227816 -0.00273422 -3.79581e-05 1.45593e-05 -4.55944e-05 -3.64082e-05 2.10659e-05 1.68895e-05 1.79579e-05 -8.10462e-06
15.4462 0.0185638 -0.0565249 0.000131004 -0.000102975 -6.75612e-05 3.77728e-05 -0.00226201 -0.0026442 4.43783e-05 -1.61725e-05 4.68078e-05 3.42445e-05 -2.11699e-05 -1.56071e-05 -2.05522e-05 9.40541e-06
15.5509 0.0183222 -0.0560356 0.000240552 -0.000381902 -0.000129071 0.000168144 -0.00222702 -0.00269469 -1.25219e-05 3.8905e-05 8.5875e-07 -2.01552e-05 -4.32769e-07 9.33479e-06 5.03331e-06 -1.91687e-05
15.6556 0.0179859 -0.0557582 0.000349947 -0.000309056 -0.000182673 0.000126999 -0.00215564 -0.00264604 6.86741e-05 -1.15531e-05 -3.2777e-05 -5.29517e-05 1.56105e-05 2.44647e-05 -3.25124e-05 7.2997e-06
15.7603 0.0177475 -0.0557942 0.000394315 -0.000198575 -0.000193446 7.48925e-05 -0.00213283 -0.0024509 -7.07825e-05 -1.31402e-05 -4.09196e-05 8.54592e-06 1.92806e-05 -4.10045e-06 3.49202e-05 4.49124e-06
15.865 0.0177334 -0.0553323 0.000277095 -0.000250675 -0.000143393 0.000105765 -0.00220293 -0.00250099 5.20775e-05 5.24482e-05 -1.58927e-05 -2.19014e-05 6.97496e-06 1.03348e-05 -2.70467e-05 -2.40021e-05
15.9698 0.0175772 -0.0551117 0.000317804 -0.000181595 -0.000160843 6.94751e-05 -0.00221058 -0.00243816 5.75202e-05 2.07531e-05 6.9189e-05 1.1652e-05 -3.25384e-05 -5.4664e-06 -2.87528e-05 -8.58063e-06
16.0745 0.0173223 -0.0546989 0.000207428 -0.00022926 -0.000109358 9.58637e-05 -0.00216166 -0.00245877 -5.97559e-05 -2.99834e-06 1.54162e-05 -4.1145e-05 -7.18903e-06 1.93357e-05 2.91216e-05 1.16328e-07
16.1792 0.0170732 -0.0545477 0.000284098 -0.000350867 -0.00014625 0.000152294 -0.0021245 -0.00236015 7.77621e-06 -2.86442e-05 -2.61063e-05 2.94664e-05 1.2286e-05 -1.37967e-05 -2.98071e-06 1.4034e-05
16.2839 0.0169948 -0.0541956 0.000353448 -0.000168355 -0.000178495 6.50127e-05 -0.00216057 -0.0023644 -1.85502e-05 1.22949e-05 1.16011e-05 4.39918e-05 -5.27399e-06 -2.07148e-05 8.83513e-06 -6.61759e-06
16.3886 0.0168277 -0.0538773 0.000244093 -0.000285129 -0.000128702 0.000121802 -0.00215332 -0.00235288 -3.33668e-05 -2.94201e-05 1.42203e-05 1.13466e-07 -6.82124e-06 6.06549e-08 1.67843e-05 1.35757e-05
16.4934 0.0165715 -0.0536467 0.000450677 -0.000172983 -0.000223337 6.46345e-05 -0.00210379 -0.0022953 -3.42828e-05 1.49399e-05 1.60848e-05 5.72585e-06 -7.51803e-06 -2.80793e-06 1.63038e-05 -8.26288e-06
16.5981 0.016484 -0.0533724 0.00020416 -2.73216e-05 -0.000102973 1.28123e-06 -0.00213385 -0.00226683 6.89059e-05 -2.45285e-05 -9.60141e-06 -7.03014e-06 4.24327e-06 3.93643e-06 -3.31357e-05 1.43374e-05
16.7028 0.0161556 -0.0530956 0.00016539 -0.000226381 -8.86255e-05 9.57262e-05 -0.00204805 -0.00223318 -1.80942e-05 -3.56086e-05 7.80958e-05 5.89343e-06 -3.69931e-05 -2.55448e-06 9.18787e-06 1.71555e-05
16.8075 0.0160386 -0.05297 0.000301473 -6.87112e-05 -0.000149212 1.86828e-05 -0.00206583 -0.00213671 6.96465e-06 4.226e-05 -1.63484e-05 9.15214e-06 7.50345e-06 -4.31649e-06 -4.61605e-06 -2.04311e-05
16.9122 0.0158964 -0.0526353 0.000147502 -0.000154506 -7.77174e-05 6.18224e-05 -0.00206313 -0.00214206 3.80993e-05 -4.46059e-05 -9.78011e-05 -2.29444e-05 4.62935e-05 1.04755e-05 -1.70187e-05 2.22598e-05
17.017 0.015737 -0.0522847 8.51712e-05 -0.000197381 -4.84855e-05 8.64367e-05 -0.00204918 -0.00215169 2.20302e-05 2.7743e-05 9.87329e-05 1.41838e-05 -4.64377e-05 -6.97337e-06 -1.15962e-05 -1.31427e-05
17.1217 0.0156141 -0.0521098 0.000236013 -0.000244995 -0.000124591 0.000105033 -0.00206254 -0.00208578 -2.53849e-06 -1.47796e-05 -0.000108224 -2.63014e-06 5.12839e-05 9.94896e-07 2.07429e-06 6.81028e-06
17.2264 0.015412 -0.0517661 0.00015679 -0.000228651 -8.34693e-05 9.87941e-05 -0.00202352 -0.00209576 1.64679e-05 4.91203e-05 -1.82342e-05 -8.42318e-08 8.61197e-06 3.77662e-09 -9.16508e-06 -2.35623e-05
17.3311 0.0152266 -0.051541 0.000173105 -0.000324521 -9.43748e-05 0.000145172 -0.00200094 -0.00205154 9.59758e-06 1.47576e-05 4.53334e-05 -1.18341e-05 -2.14152e-05 5.66432e-06 -5.17401e-06 -6.79088e-06
17.4358 0.0150547 -0.0512867 0.000289921 -0.000342645 -0.000150956 0.000151223 -0.00198084 -0.00202436 -7.95627e-05 1.7206e-06 1.005e-05 1.04512e-05 -4.80167e-06 -4.79506e-06 3.86335e-05 -2.63658e-06
17.5406 0.014903 -0.0511307 0.000371757 -0.000147417 -0.000184466 5.51673e-05 -0.00197132 -0.00195277 -2.1317e-05 -3.35226e-05 -4.20884e-05 -1.31266e-05 1.99619e-05 6.21254e-06 1.13268e-05 1.58749e-05
17.6453 0.014722 -0.0506953 0.000273134 -0.000352792 -0.000145075 0.00015653 -0.00194056 -0.00201287 -8.71727e-06 -0.000110301 1.54413e-05 3.62363e-05 -7.83933e-06 -1.71977e-05 6.25337e-06 5.33049e-05
17.75 0.0145453 -0.0506285 0.000297438 -0.000135834 -0.000148258 5.15525e-05 -0.0019188 -0.00190007 5.1838e-05 -3.12278e-05 7.61418e-06 5.95044e-06 -3.62185e-06 -2.76885e-06 -2.45804e-05 1.64882e-05
17.8547 0.0144575 -0.0503223 0.000252845 -0.000247874 -0.000130825 0.000106439 -0.00193383 -0.00190659 4.13105e-05 2.46294e-05 -4.88455e-06 -2.9354e-05 2.49643e-06 1.38528e-05 -2.05199e-05 -1.10035e-05
17.9594 0.0142669 -0.0501477 0.000339346 -4.58473e-05 -0.000166461 1.00011e-05 -0.00190039 -0.00184442 -1.97272e-05 2.83476e-05 -1.70682e-05 5.49172e-05 8.32791e-06 -2.59416e-05 9.24634e-06 -1.42804e-05
18.0642 0.0141798 -0.0499056 0.000202894 -0.00010495 -0.000103916 4.00996e-05 -0.00191689 -0.00182412 6.4446e-05 1.56491e-06 -5.31411e-05 5.97396e-06 2.51837e-05 -2.8303e-06 -3.1426e-05 7.28746e-07
18.1689 0.0140521 -0.0496486 0.000130573 -0.000250026 -7.14815e-05 0.000111675 -0.00190992 -0.0018092 -3.07408e-05 -2.20272e-05 3.8074e-07 -1.98871e-05 -1.76134e-07 9.49328e-06 1.55466e-05 1.01365e-05
18.2736 0.013884 -0.0494082 0.000282561 -0.000135755 -0.000142436 5.44461e-05 -0.0018831 -0.00178531 5.67648e-05 -9.76447e-06 3.4058e-07 -3.76958e-05 -3.68005e-07 1.80437e-05 -2.76961e-05 6.31863e-06
18.3783 0.013782 -0.0492775 5.77659e-05 2.56149e-05 -2.99041e-05 -1.94414e-05 -0.00189142 -0.001714 -5.64885e-05 5.57602e-05 1.98704e-05 5.40455e-05 -8.84824e-06 -2.68008e-05 2.68267e-05 -2.96954e-05
18.483 0.0136801 -0.0489308 6.63707e-05 -0.000316667 -4.29319e-05 0.000147542 -0.00189244 -0.00174563 6.79401e-06 3.2999e-05 6.35016e-07 -1.94564e-05 -2.96054e-07 9.22839e-06 -4.05893e-06 -1.5916e-05
18.5878 0.0135199 -0.0486466 0.000306355 -0.000268598 -0.000158326 0.000117262 -0.00186514 -0.00175032 1.62795e-05 1.51158e-05 -5.12644e-05 -3.44336e-05 2.46093e-05 1.62258e-05 -7.89637e-06 -7.04402e-06
18.6925 0.0132549 -0.048468 0.00017946 -0.000133293 -9.32012e-05 5.44915e-05 -0.0017902 -0.00169797 -4.21867e-06 -4.19428e-05 -2.39567e-05 8.19177e-05 1.114e-05 -3.91216e-05 2.78549e-06 2.00138e-05
18.7972 0.0133211 -0.0483366 0.000108846 -0.000160821 -5.96665e-05 7.10895e-05 -0.00187619 -0.00163765 3.12599e-05 3.36109e-05 2.43664e-05 -2.96904e-06 -1.16888e-05 1.36838e-06 -1.61875e-05 -1.5729e-05
18.9019 0.013084 -0.0480978 0.000219281 -8.35517e-05 -0.000110136 2.96205e-05 -0.0018095 -0.00162021 -1.96194e-05 8.97193e-06 -1.38545e-05 -2.74441e-05 6.66349e-06 1.30991e-05 9.47809e-06 -4.76857e-06
19.0066 0.0130311 -0.047794 7.15415e-05 -0.000223892 -4.31641e-05 0.000101906 -0.00183093 -0.00163964 -7.52469e-05 -6.72361e-05 -2.60307e-05 5.27394e-05 1.21134e-05 -2.50875e-05 3.80323e-05 3.10049e-05
19.1114 0.0128414 -0.0475722 0.000274187 -0.00018782 -0.000139456 7.81184e-05 -0.00178645 -0.00161929 -4.28378e-05 -1.50336e-05 1.95929e-05 7.32091e-07 -9.45613e-06 -1.62546e-07 2.1114e-05 6.56676e-06
19.2161 0.0127327 -0.0473532 0.000109471 -0.000125001 -5.75616e-05 5.36877e-05 -0.00178027 -0.00159665 6.54301e-05 5.10494e-06 4.00439e-05 -7.02753e-06 -1.92068e-05 3.42583e-06 -3.22978e-05 -8.92632e-07
19.3208 0.0125673 -0.0472388 8.85405e-05 -0.000164058 -4.77376e-05 7.33157e-05 -0.00175134 -0.00152516 -2.34841e-05 2.03743e-05 -2.03438e-05 1.07695e-05 9.67494e-06 -5.20229e-06 1.10307e-05 -1.0589e-05
19.4255 0.0125294 -0.047 0.000163813 -0.000272973 -8.83166e-05 0.000125917 -0.00177974 -0.00151937 -1.59484e-05 6.71909e-06 4.78042e-05 -2.35569e-05 -2.28377e-05 1.10241e-05 7.54358e-06 -3.78384e-06
19.5302 0.0123808 -0.0467452 0.000193746 -0.000130938 -9.99804e-05 5.48695e-05 -0.00175106 -0.00152017 2.5111e-06 -3.90696e-06 2.76814e-05 2.10048e-05 -1.32656e-05 -1.00179e-05 -1.24871e-06 1.94462e-06
19.635 0.0123528 -0.0465722 8.74769e-05 -0.000114462 -4.77703e-05 5.0269e-05 -0.00178312 -0.00148505 2.03179e-05 -1.03644e-05 8.95838e-06 8.224e-06 -4.25288e-06 -3.86351e-06 -9.70346e-06 5.59813e-06
19.7397 0.0122254 -0.0463165 6.83742e-05 -0.000207868 -4.09724e-05 9.66344e-05 -0.00176411 -0.0014871 -7.29985e-05 2.17218e-05 -7.90392e-06 3.62856e-05 3.90973e-06 -1.74211e-05 3.53556e-05 -1.24589e-05
19.8444 0.012138 -0.0460693 8.30854e-05 -0.000210123 -4.94978e-05 9.64741e-05 -0.00176445 -0.00148968 9.96814e-05 2.75384e-05 -8.39013e-05 -3.98327e-05 4.05642e-05 1.84653e-05 -4.86886e-05 -1.18134e-05
19.9491 0.0119282 -0.0458732 0.000137361 -0.000127421 -7.20141e-05 5.4921e-05 -0.00170405 -0.00146271 -8.1665e-06 1.45417e-05 1.86908e-06 -1.55447e-05 -8.85803e-07 7.42199e-06 3.68449e-06 -7.27308e-06
20.0538 0.011785 -0.0457127 9.90385e-05 -0.000237511 -5.62162e-05 0.000108999 -0.0016796 -0.00142231 -7.51863e-05 1.87825e-05 -1.77947e-05 -1.52951e-05 8.60169e-06 7.50238e-06 3.65505e-05 -1.06198e-05
20.1586 0.0117289 -0.0455212 0.000185877 -0.000230162 -9.74713e-05 0.000103706 -0.00169323 -0.00140185 3.77075e-05 -1.77239e-05 -9.67174e-06 -1.79683e-05 4.64067e-06 8.56875e-06 -1.80479e-05 9.51525e-06
20.2633 0.011671 -0.0453068 0.000138802 -0.000161052 -7.33123e-05 7.2942e-05 -0.00170505 -0.00139108 2.77426e-05 -5.5904e-06 -6.3909e-06 -9.44104e-06 2.94483e-06 4.68819e-06 -1.35689e-05 3.53658e-06
20.368 0.011463 -0.0450135 0.000248807 -0.000142659 -0.000127635 6.01309e-05 -0.00164198 -0.00141668 -1.12585e-05 -3.01035e-06 2.94554e-05 -1.7514e-05 -1.40909e-05 8.49502e-06 5.49835e-06 1.37933e-06
20.4727 0.0112607 -0.0449414 9.67859e-05 -0.000109978 -5.12041e-05 4.65158e-05 -0.00158702 -0.00133577 6.24099e-06 -5.82247e-05 3.65156e-05 4.87576e-05 -1.77833e-05 -2.33609e-05 -2.22525e-06 2.85888e-05
20.5774 0.0112859 -0.0448157 0.000196927 -6.46108e-05 -9.84334e-05 2.47983e-05 -0.00164009 -0.00128859 2.67823e-05 -9.16036e-06 3.54188e-05 -4.09821e-05 -1.733e-05 1.9406e-05 -1.33187e-05 4.84474e-06
20.6822 0.0112192 -0.044581 9.57018e-05 -2.14088e-05 -4.97918e-05 5.9149e-06 -0.00164571 -0.00129279 -1.00752e-06 -4.26892e-05 -1.39763e-05 -4.27308e-06 7.03602e-06 2.44556e-06 1.76214e-06 2.1308e-05
20.7869 0.011031 -0.0443971 7.29328e-05 -0.000106792 -4.01609e-05 4.65956e-05 -0.00159279 -0.00126993 -1.15858e-05 1.88449e-05 -5.50969e-05 -1.3919e-05 2.65837e-05 6.61225e-06 5.51633e-06 -9.57009e-06
20.8916 0.0110781 -0.0442124 8.84966e-05 -0.000133005 -4.83109e-05 6.03222e-05 -0.00165291 -0.00125588 3.7729e-05 1.35153e-05 3.42361e-05 1.91054e-06 -1.65131e-05 -9.43591e-07 -1.89244e-05 -5.82238e-06
20.9963 0.0109105 -0.0439636 0.000122346 -0.000185613 -6.61519e-05 8.42133e-05 -0.00160646 -0.0012669 -0.0001045 2.08747e-05 1.13338e-05 5.28446e-06 -5.4721e-06 -2.20201e-06 5.07515e-05 -1.21444e-05
21.101 0.0108281 -0.0437671 3.40041e-05 -0.000141128 -2.20969e-05 6.45806e-05 -0.001602 -0.00125565 2.07222e-07 -8.47163e-07 1.15408e-05 7.21945e-05 -5.73873e-06 -3.47452e-05 -3.67355e-07 2.23394e-07
21.2058 0.010653 -0.0435539 0.000181396 -0.000229321 -9.5218e-05 0.000104034 -0.00155187 -0.00125094 1.49113e-05 5.7039e-05 2.14182e-05 -6.7581e-05 -1.00101e-05 3.25662e-05 -8.26913e-06 -2.73688e-05
21.3105 0.0105756 -0.0434831 0.000169323 -3.66956e-05 -8.44996e-05 1.12305e-05 -0.0015525 -0.00118079 6.07419e-06 -2.03936e-06 2.09851e-05 -1.87109e-05 -1.01327e-05 8.93233e-06 -2.99935e-06 1.07422e-06
21.4152 0.0105461 -0.0432331 8.33855e-05 -0.000146733 -4.54922e-05 6.67762e-05 -0.00157092 -0.00120034 -2.70202e-05 1.11734e-05 1.33443e-05 2.05931e-05 -6.38896e-06 -9.93611e-06 1.30194e-05 -6.11455e-06
21.5199 0.0103793 -0.0430666 0.000172857 -0.000156564 -8.85268e-05 6.99816e-05 -0.00152428 -0.00117527 8.74752e-06 6.37038e-06 -4.15013e-05 5.24916e-06 1.98864e-05 -2.37353e-06 -4.4253e-06 -2.80855e-06
21.6246 0.0103689 -0.0428444 1.56554e-05 -9.08361e-05 -1.20684e-05 4.21187e-05 -0.00155229 -0.00118289 -2.22932e-05 -1.31352e-05 1.29265e-05 -2.46517e-05 -6.19759e-06 1.17321e-05 1.12363e-05 5.90005e-06
21.7293 0.0101767 -0.0427325 0.000148758 -0.000171114 -7.74129e-05 7.74441e-05 -0.00149436 -0.0011336 1.68501e-06 -1.2365e-05 9.96914e-06 2.70453e-05 -4.78782e-06 -1.30168e-05 -5.91788e-07 6.06452e-06
21.8341 0.0101593 -0.0425595 0.000141493 -7.36018e-05 -7.22139e-05 3.09268e-05 -0.00151872 -0.00111937 2.7869e-05 1.08913e-05 -2.39578e-05 2.05977e-05 1.14308e-05 -9.526e-06 -1.40009e-05 -4.40683e-06
21.9388 0.0100576 -0.042346 7.74148e-05 -0.000114044 -4.2302e-05 5.17142e-05 -0.00150079 -0.00112309 -1.77338e-05 -5.89346e-06 4.6058e-05 -2.59719e-05 -2.21721e-05 1.24544e-05 8.77805e-06 2.53645e-06
22.0435 0.00997353 -0.0421328 0.000115509 -0.000115567 -6.14065e-05 5.11311e-05 -0.00149082 -0.00112885 4.31123e-05 1.12945e-05 -4.98571e-05 7.40741e-06 2.41156e-05 -3.84562e-06 -2.12064e-05 -4.97015e-06
22.1482 0.00988423 -0.0420019 8.02282e-05 -0.000108359 -4.36676e-05 4.88488e-05 -0.0014802 -0.0010941 -2.14755e-05 1.3073e-05 -1.16988e-05 1.09083e-05 5.65692e-06 -5.2629e-06 1.03172e-05 -6.8842e-06
22.2529 0.00979917 -0.0418638 7.41924e-05 -7.67722e-05 -3.95005e-05 3.35031e-05 -0.00147056 -0.00106449 -2.83177e-05 -1.60559e-05 2.32959e-05 5.32149e-06 -1.11459e-05 -2.65011e-06 1.43025e-05 7.24532e-06
22.3577 0.00975225 -0.0416902 5.86612e-05 -0.000151702 -3.37694e-05 7.06748e-05 -0.00147879 -0.00105397 1.08805e-06 -8.48851e-06 4.23659e-07 -2.78664e-05 -1.97732e-07 1.3467e-05 -3.39022e-07 4.26014e-06
22.4624 0.00965435 -0.0415113 0.000105553 -9.58562e-05 -5.50156e-05 4.19423e-05 -0.00146035 -0.00104584 9.31227e-07 3.89468e-06 -2.56014e-05 2.79708e-05 1.23577e-05 -1.3505e-05 -5.05163e-07 -1.94461e-06
22.5671 0.00962018 -0.0412913 1.87027e-05 -0.000152593 -1.45059e-05 7.24869e-05 -0.00147228 -0.00105886 -2.42454e-05 7.99197e-06 4.24931e-05 -1.56701e-05 -2.04938e-05 7.5845e-06 1.16936e-05 -4.33637e-06
22.6718 0.00945346 -0.0411751 0.000148673 -0.000189404 -7.75026e-05 8.62652e-05 -0.00142172 -0.00102052 -1.64982e-05 -1.05514e-05 3.50063e-05 1.40854e-05 -1.69329e-05 -6.7657e-06 8.21958e-06 4.88119e-06
22.7765 0.00941921 -0.0410223 0.000146021 -7.50498e-05 -7.38614e-05 3.28615e-05 -0.00143404 -0.00100141 -1.9723e-05 1.47963e-05 -4.16101e-05 -7.84659e-06 1.95469e-05 4.0787e-06 8.89763e-06 -7.37188e-06
22.8813 0.00936199 -0.0407999 3.38676e-05 -7.32168e-05 -2.01455e-05 3.2745e-05 -0.0014336 -0.00101949 -2.67648e-05 2.83347e-05 3.71878e-05 2.00454e-05 -1.79872e-05 -9.55191e-06 1.24978e-05 -1.43455e-05
22.986 0.00925954 -0.0406649 8.06759e-05 -0.00018275 -4.44604e-05 8.65878e-05 -0.00141278 -0.000991824 -2.45846e-06 2.22137e-05 -1.32687e-05 -5.81573e-06 6.24874e-06 2.80622e-06 6.37977e-07 -1.09738e-05
23.0907 0.0091557 -0.0405301 0.000120686 -4.21403e-05 -6.18184e-05 1.64802e-05 -0.00139135 -0.000966694 4.15704e-05 -3.02504e-05 -1.7799e-06 -1.92701e-05 8.04283e-07 9.51588e-06 -1.99172e-05 1.59165e-05
23.1954 0.00916529 -0.0403268 1.42637e-05 -8.418e-05 -1.11802e-05 3.97939e-05 -0.00142242 -0.00097819 3.11767e-05 3.46217e-06 2.26308e-05 1.554e-05 -1.09359e-05 -7.50587e-06 -1.54419e-05 -1.07774e-06
23.3001 0.0090188 -0.0401565 9.79092e-05 -0.000150639 -5.37258e-05 6.94664e-05 -0.00137853 -0.000970676 -1.01697e-05 -7.7923e-06 3.87674e-06 -1.05438e-05 -1.87759e-06 5.1619e-06 5.14568e-06 3.72148e-06
23.4049 0.0090084 -0.040113 1.80885e-05 3.72432e-05 -9.83058e-06 -2.08514e-05 -0.00140294 -0.000905985 2.61308e-05 -1.32973e-05 -3.10733e-05 -7.1761e-06 1.50803e-05 3.34768e-06 -1.25751e-05 6.91933e-06
23.5096 0.00888847 -0.0398829 8.66969e-05 -8.26658e-05 -4.51574e-05 3.58024e-05 -0.00136792 -0.000929479 -4.47158e-06 7.04253e-06 2.36982e-05 1.51279e-05 -1.14598e-05 -7.35016e-06 2.04157e-06 -3.59376e-06
23.6143 0.00881003 -0.0396497 7.13833e-05 -0.000112254 -3.86816e-05 5.10201e-05 -0.0013534 -0.000955367 8.22401e-06 3.96359e-06 -8.18788e-06 2.84844e-05 3.92137e-06 -1.38135e-05 -4.15314e-06 -1.88378e-06
23.719 0.00872354 -0.0395928 6.07602e-05 -9.90759e-05 -3.18126e-05 4.5283e-05 -0.00133934 -0.000896039 6.64222e-06 -3.53142e-06 1.96141e-06 -2.2639e-05 -1.23848e-06 1.09319e-05 -3.48535e-06 1.86107e-06
23.8237 0.00869655 -0.0394127 8.9357e-05 -0.00014371 -4.81057e-05 6.71747e-05 -0.00135215 -0.000899499 -7.01641e-06 -5.27629e-06 3.48378e-06 -1.07782e-05 -1.68781e-06 5.20931e-06 3.55397e-06 2.47046e-06
23.9285 0.00856912 -0.0391743 0.000107577 -0.000139779 -5.68228e-05 6.40512e-05 -0.00131191 -0.000929478 8.01718e-06 7.8587e-06 7.59247e-06 5.94137e-06 -3.67621e-06 -2.87461e-06 -4.11222e-06 -3.72595e-06
24.0332 0.0084933 -0.0391108 0.000127372 -6.56115e-05 -6.44989e-05 2.82232e-05 -0.00130223 -0.000875541 -6.28996e-06 -1.8124e-05 -1.37396e-05 -2.75795e-05 6.58853e-06 1.33879e-05 3.38183e-06 8.86619e-06
24.1379 0.00844618 -0.0389719 5.31114e-05 -6.68457e-05 -2.85512e-05 3.05492e-05 -0.00130453 -0.000860181 3.86108e-05 9.41714e-06 -1.14858e-06 9.99057e-07 3.13932e-07 -1.04908e-07 -1.94373e-05 -3.53578e-06
24.2426 0.00842283 -0.0388178 5.44362e-05 -0.00010168 -3.07966e-05 4.75573e-05 -0.00131812 -0.000854272 -4.18375e-05 -7.26318e-06 1.56298e-05 1.46159e-05 -7.5206e-06 -7.12683e-06 2.07813e-05 2.73625e-06
24.3473 0.00831811 -0.0386488 3.184e-05 -0.000133471 -1.99337e-05 6.27371e-05 -0.0012899 -0.000853905 1.57442e-06 -2.34065e-05 -1.70277e-06 3.76508e-06 7.47311e-07 -1.85075e-06 -4.15796e-07 1.15249e-05
24.4521 0.00826393 -0.0384881 0.000116055 -0.000117674 -6.0817e-05 5.35986e-05 -0.00128644 -0.000851367 1.55799e-05 1.14915e-05 6.09555e-06 2.68241e-06 -2.94121e-06 -1.31963e-06 -7.88477e-06 -5.39283e-06
24.5568 0.00820712 -0.0383556 6.94653e-05 -0.000117647 -3.81809e-05 5.46253e-05 -0.00128269 -0.000835248 -1.80281e-05 -7.00704e-06 -2.82394e-05 -9.04732e-06 1.3734e-05 4.37394e-06 9.09432e-06 3.10544e-06
24.6615 0.00816015 -0.0382054 0.000125813 -0.000112923 -6.4879e-05 5.08329e-05 -0.00128174 -0.000829657 1.50598e-05 1.67556e-05 3.61837e-05 3.29275e-06 -1.75727e-05 -1.59521e-06 -7.80479e-06 -7.97897e-06
24.7662 0.00805701 -0.0380486 0.000109704 -3.87996e-05 -5.58967e-05 1.52822e-05 -0.00125382 -0.000824704 1.91278e-05 -2.02933e-05 -2.52339e-05 5.59625e-06 1.22319e-05 -2.70637e-06 -9.02707e-06 1.03589e-05
24.8709 0.00801495 -0.0379667 9.83422e-05 -3.53392e-05 -4.94861e-05 1.40511e-05 -0.00125713 -0.000786318 -5.01765e-06 4.26525e-06 5.90939e-06 1.32202e-06 -2.85505e-06 -7.86811e-07 2.40664e-06 -2.34177e-06
24.9757 0.0079462 -0.0377684 2.23019e-05 -0.000130484 -1.47977e-05 6.21553e-05 -0.00124474 -0.000804259 -2.2146e-05 1.43868e-05 -1.35721e-05 1.26979e-05 6.60106e-06 -6.16696e-06 1.06763e-05 -7.52891e-06
