0 1.97554 1.9589 1.98725 1.99906
0.10472 1.06985 1.07914 1.08296 1.07984
0.20944 0.533116 0.535117 0.52743 0.528594
0.314159 0.316569 0.31853 0.313409 0.307107
0.418879 0.20973 0.212389 0.20985 0.210784
0.523599 0.152956 0.152858 0.152527 0.153791
0.628319 0.115937 0.115901 0.115112 0.114708
0.733038 0.0956096 0.0956354 0.0949502 0.0929645
0.837758 0.0778916 0.0778841 0.0776299 0.0780497
0.942478 0.0673027 0.0671669 0.0680489 0.0675025
1.0472 0.0582094 0.0585163 0.059021 0.0570892
1.15192 0.0523099 0.0509971 0.0511822 0.0516065
1.25664 0.0460768 0.0458397 0.0457623 0.0465138
1.36136 0.0419621 0.041758 0.041361 0.0421007
1.46608 0.0390616 0.0391612 0.0391757 0.0388517
1.5708 0.0359776 0.0357224 0.036381 0.0359582
1.67552 0.0328945 0.0331334 0.03316 0.0333874
1.78024 0.0313593 0.0311127 0.0310874 0.0313828
1.88496 0.0295598 0.0293987 0.0293707 0.0291473
1.98968 0.0282334 0.0281906 0.0278944 0.0279447
2.0944 0.026678 0.0263389 0.0262077 0.026495
2.19911 0.0251603 0.0250386 0.0249248 0.024527
2.30383 0.024087 0.024124 0.0238937 0.0242875
2.40855 0.0232816 0.0229532 0.0229786 0.022846
2.51327 0.0218882 0.0217841 0.0219105 0.0220448
2.61799 0.0212354 0.0213009 0.0211407 0.0212582
2.72271 0.0204833 0.0205351 0.0204303 0.0205448
2.82743 0.0199689 0.0195783 0.0198176 0.0197994
2.93215 0.0192187 0.0188747 0.0187328 0.0193513
3.03687 0.018493 0.0185871 0.0184 0.0182847
3.14159 0.0179867 0.0177134 0.0178138 0.0177524
3.24631 0.0174808 0.0174233 0.0171514 0.0171149
3.35103 0.0167486 0.0169134 0.0167072 0.0166063
3.45575 0.01641 0.0161181 0.016236 0.0162156
3.56047 0.0161255 0.0156215 0.0159737 0.0158179
3.66519 0.0152766 0.0152094 0.0154169 0.0153551
3.76991 0.0151264 0.0150402 0.0149474 0.0149929
3.87463 0.0147407 0.0145433 0.014423 0.0145593
3.97935 0.0138413 0.0139171 0.0142111 0.0141707
4.08407 0.013897 0.0137957 0.0136794 0.0136666
4.18879 0.0135326 0.0133517 0.0133685 0.0134843
4.29351 0.013104 0.0130584 0.0132426 0.0132667
4.39823 0.0128703 0.0126503 0.0128208 0.0126215
4.50295 0.0124962 0.0123409 0.0124919 0.0123289
4.60767 0.0123122 0.0120531 0.012127 0.0121762
4.71239 0.0118128 0.0118375 0.0117987 0.0118299
4.81711 0.0115967 0.0116306 0.0115413 0.0116064
4.92183 0.0112093 0.0113391 0.0114091 0.0112276
5.02655 0.0112761 0.0110962 0.0110839 0.0111376
5.13127 0.0109679 0.01083 0.010907 0.0107688
5.23599 0.010571 0.0105909 0.0105892 0.0105232
5.34071 0.0102922 0.0103242 0.0102914 0.0102525
5.44543 0.0100324 0.0100656 0.0100675 0.0100663
5.55015 0.00988898 0.00990881 0.00987476 0.00991071
5.65487 0.00978837 0.00967526 0.00958888 0.0097058
5.75959 0.00959575 0.00945159 0.0094532 0.00954448
5.86431 0.00936072 0.00920498 0.00940446 0.00927034
5.96903 0.00907815 0.00917252 0.00913145 0.00910008
6.07375 0.00890543 0.00892745 0.00898751 0.00893318
6.17847 0.00865003 0.00866495 0.00864909 0.00877924
6.28319 0.00852714 0.00851131 0.00852302 0.00855054
6.38791 0.00839867 0.00835366 0.00849901 0.0084108
6.49262 0.00830847 0.00815393 0.00815955 0.00834993
6.59734 0.00811265 0.00809417 0.00817603 0.00803588
6.70206 0.0079134 0.00787916 0.00801149 0.00796403
6.80678 0.00761602 0.00767097 0.00770225 0.00776926
6.9115 0.00762674 0.00755703 0.00758441 0.00754555
7.01622 0.00743552 0.00732386 0.00745205 0.00744324
7.12094 0.0073686 0.00730661 0.00720603 0.00734607
7.22566 0.00718457 0.00711292 0.00719696 0.00714629
7.33038 0.0070428 0.00707837 0.00697145 0.00706763
7.4351 0.00693937 0.00688445 0.00680666 0.00698209
7.53982 0.00677174 0.00670522 0.00673199 0.00675039
7.64454 0.00664909 0.00667498 0.00666681 0.00666895
7.74926 0.00652527 0.00661093 0.00659489 0.00653355
7.85398 0.00639545 0.00646293 0.0063789 0.00642744
7.9587 0.00630468 0.00628537 0.00632673 0.00631518
8.06342 0.00618563 0.00615439 0.00617666 0.00619655
8.16814 0.00600099 0.00613753 0.00603237 0.00611192
8.27286 0.00603805 0.00605016 0.00600486 0.0059626
8.37758 0.00593535 0.00583456 0.00585382 0.00589992
8.4823 0.00574315 0.0058945 0.00577871 0.00570333
8.58702 0.00564287 0.005664 0.00570372 0.00561707
8.69174 0.00557837 0.00557058 0.00554012 0.00552322
8.79646 0.00555693 0.0055007 0.00549011 0.00548821
8.90118 0.00543285 0.00537981 0.00541706 0.00540665
9.0059 0.00531015 0.00522538 0.00526447 0.00531546
9.11062 0.00522828 0.00521349 0.00519097 0.00522057
9.21534 0.00511881 0.00517915 0.00508741 0.00510768
9.32006 0.00508582 0.00503812 0.0050862 0.00503116
9.42478 0.00498054 0.00500499 0.00498785 0.00493197
9.5295 0.00487543 0.00484208 0.00485132 0.0048217
9.63422 0.00479966 0.00480017 0.00486115 0.00481814
9.73894 0.00472251 0.00476636 0.00473527 0.004735
9.84366 0.0046916 0.00465852 0.00464019 0.00464239
9.94838 0.0045501 0.00450664 0.0045479 0.00455806
10.0531 0.00455992 0.00449128 0.00452654 0.00449616
10.1578 0.00438073 0.00443636 0.00445947 0.00435237
10.2625 0.00440185 0.00439515 0.00436761 0.00428985
10.3673 0.0042798 0.00431523 0.00430886 0.00429452
10.472 0.00424612 0.00424883 0.00423224 0.00421961
10.5767 0.0041728 0.00420758 0.00417706 0.00415254
10.6814 0.0041278 0.00413732 0.00405941 0.00413729
10.7861 0.00405712 0.0040394 0.00410776 0.00402205
10.8909 0.00398671 0.00391713 0.00392583 0.00402524
10.9956 0.00389655 0.00390838 0.00394333 0.00390717
11.1003 0.00387221 0.00389231 0.0039057 0.00393864
11.205 0.00379038 0.0038255 0.00388065 0.00381856
11.3097 0.00383605 0.00381432 0.00372878 0.00378075
11.4145 0.00370979 0.00368718 0.00370841 0.00366769
11.5192 0.00364461 0.00362977 0.00365745 0.00366774
11.6239 0.00360987 0.00362066 0.00364286 0.00362197
11.7286 0.00356251 0.00355354 0.00356234 0.00355882
11.8333 0.00347629 0.00350971 0.00351624 0.00350652
11.9381 0.00345814 0.00345825 0.00346776 0.0034732
12.0428 0.00338842 0.00341198 0.00337729 0.00343964
12.1475 0.00333218 0.00337298 0.00337402 0.00333986
12.2522 0.00334472 0.00334773 0.00323127 0.0033262
12.3569 0.00330652 0.00324566 0.00325652 0.00329188
12.4617 0.00323756 0.00321322 0.00326593 0.00321719
12.5664 0.00315968 0.00320446 0.00316372 0.00314487
12.6711 0.00315153 0.00314471 0.00309728 0.00312392
12.7758 0.00308561 0.00308773 0.00309216 0.00311445
12.8805 0.0030335 0.00304559 0.00303521 0.00308722
12.9852 0.00299674 0.00297166 0.00300584 0.00301326
13.09 0.00295125 0.00293347 0.00299745 0.00298236
13.1947 0.00293889 0.00292626 0.00291981 0.00293702
13.2994 0.00291115 0.0029108 0.00292712 0.00290681
13.4041 0.0028648 0.00287093 0.002874 0.00286595
13.5088 0.00281912 0.00281847 0.00282039 0.00285485
13.6136 0.00276582 0.00280049 0.00278733 0.0027824
13.7183 0.00276596 0.00277221 0.0027584 0.00274444
13.823 0.00273443 0.00271655 0.00270032 0.00270221
13.9277 0.00266906 0.0026396 0.00268874 0.00268976
14.0324 0.00266558 0.00263971 0.00261962 0.00263314
14.1372 0.00264296 0.00260036 0.00261751 0.00263882
14.2419 0.00261269 0.00258521 0.00254783 0.00259232
14.3466 0.00256552 0.00254838 0.0025457 0.0025552
14.4513 0.00254232 0.002512 0.00251152 0.00254021
14.556 0.00249342 0.00249374 0.0024886 0.00248321
14.6608 0.00245372 0.00245054 0.00246771 0.00244624
14.7655 0.0024281 0.00238979 0.00244673 0.00243526
14.8702 0.0024052 0.00238913 0.0023768 0.00240546
14.9749 0.00237443 0.0023805 0.00235595 0.00238745
15.0796 0.00233837 0.00234812 0.00229646 0.00235661
