0.0523599 -0.39655 -0.227612 0.168981 0.00586149 0.209372 0.162796 -0.170292 5.42945e-17 0.170292 -3.44575e-17
0.15708 -0.259106 -0.29631 0.147564 0.0134358 0.08917 0.154596 -0.060161 1.75341e-17 0.060161 -7.17807e-18
0.261799 -0.177602 -0.303261 0.133769 0.0241143 0.0562979 0.12595 -0.0210632 3.46674e-18 0.0210632 -1.07196e-18
0.366519 -0.140001 -0.294505 0.115731 0.0247423 0.0294114 0.11534 -0.0157939 2.3417e-18 0.0157939 -7.68644e-19
0.471239 -0.102467 -0.286413 0.105533 0.0250938 0.00966972 0.080886 -0.00242924 7.04562e-19 0.00242924 1.7191e-20
0.575959 -0.0716792 -0.277272 0.0924024 0.0264316 0.0126113 0.0672349 -0.00688597 8.55854e-19 0.00688597 1.45087e-19
0.680678 -0.0601637 -0.263429 0.0862413 0.0285622 0.00580775 0.0662128 -0.00612653 -1.9642e-19 0.00612653 2.79738e-19
0.785398 -0.0449437 -0.268061 0.0774884 0.0263724 0.00159355 0.0511539 -0.00258539 3.60743e-19 0.00258539 1.111e-19
0.890118 -0.0252894 -0.260703 0.0737875 0.0277011 0.00146928 0.0495876 -0.000365733 3.49249e-20 0.000365733 8.10543e-21
0.994838 -0.0169012 -0.251825 0.0522747 0.0219312 -0.00969043 0.0413903 -0.00238146 3.44412e-19 0.00238146 2.36302e-19
1.09956 -0.0104577 -0.242752 0.0573435 0.0169981 -0.00743318 0.0313517 -0.00467546 6.24798e-19 0.00467546 3.42691e-19
1.20428 -0.0103324 -0.243174 0.0452699 0.0144424 -0.00462202 0.0311022 0.00303357 -3.37671e-19 -0.00303357 -3.91401e-19
1.309 0.00777694 -0.235105 0.0488479 0.0187994 -0.00722918 0.0272231 0.00213189 -8.42203e-20 -0.00213189 -2.34694e-19
1.41372 0.00747025 -0.221747 0.034934 0.0152395 -0.0067755 0.0137794 -0.00185044 8.10613e-20 0.00185044 1.78002e-19
1.51844 0.00405731 -0.223981 0.0373798 0.00532063 0.00213964 0.0235849 -0.000227475 -3.12018e-21 0.000227475 2.44326e-20
1.62316 0.0129392 -0.222599 0.0350204 0.00564708 -0.00742232 0.0252207 0.00110224 -7.19793e-20 -0.00110224 -1.15542e-19
1.72788 0.0177784 -0.215824 0.0364863 0.00505141 -0.00878668 0.0128518 -0.00131699 -1.14513e-20 0.00131699 1.51701e-19
1.8326 0.023736 -0.211315 0.0354119 0.00827839 -0.00258347 0.0230249 0.00109012 2.6541e-20 -0.00109012 -1.0481e-19
1.93732 0.0224349 -0.202593 0.0308042 0.0031297 -0.0142378 0.0120228 -0.00102033 1.31196e-19 0.00102033 1.02441e-19
2.04204 0.0279133 -0.200029 0.0386421 0.00254665 -0.00460381 0.00149088 0.00168786 -9.94792e-20 -0.00168786 -1.75351e-19
2.14675 0.0254951 -0.194867 0.0297525 0.0056914 0.00320551 0.00627199 0.00136376 -1.51546e-19 -0.00136376 -1.05205e-19
2.25147 0.0312602 -0.192163 0.0336929 0.00827276 -0.0058816 0.0026931 -0.00279909 -6.98357e-20 0.00279909 3.37502e-19
2.35619 0.0256929 -0.186858 0.0140626 0.011246 0.00520441 0.00515244 0.00109315 -7.16126e-20 -0.00109315 -1.49571e-19
2.46091 0.0299427 -0.185823 0.0231486 0.00323026 -0.000195636 0.0140892 -0.00631173 -7.50254e-20 0.00631173 6.13065e-19
2.56563 0.026591 -0.175936 0.0176542 0.0107814 0.00287915 0.000849166 0.00531106 1.06559e-19 -0.00531106 -6.41157e-19
2.67035 0.0240101 -0.180089 0.0156692 0.00236884 0.00726687 0.01121 0.00264205 -1.74279e-19 -0.00264205 -2.22284e-19
2.77507 0.037375 -0.184681 0.0151627 0.00108075 0.000985761 0.0140503 -0.00376517 5.78204e-20 0.00376517 3.5324e-19
2.87979 0.0377869 -0.169603 0.0149535 0.00340338 -0.00517126 0.00984495 -0.000795499 4.27589e-20 0.000795499 8.16677e-20
2.98451 0.037099 -0.164877 0.0184628 -0.00249741 -0.00259863 0.00731851 0.000672616 -3.98537e-20 -0.000672616 -6.4103e-20
3.08923 0.0336131 -0.160239 0.0141736 0.00897897 -0.00253939 0.00393889 -0.000772009 5.89486e-21 0.000772009 1.06319e-19
3.19395 0.0299142 -0.160057 0.00864326 -0.006842 -0.0027717 0.0061785 -0.0013892 2.02935e-20 0.0013892 1.46229e-19
3.29867 0.0333702 -0.159046 0.0153671 0.00493789 -0.0044012 0.0112597 0.00279632 -2.3241e-20 -0.00279632 -2.7782e-19
3.40339 0.0331819 -0.155292 0.0121283 -0.000644776 -0.0111925 -0.0015973 -0.00349226 1.55918e-19 0.00349226 2.83404e-19
3.50811 0.0292236 -0.153637 0.0126513 0.000994715 0.00140858 -0.00920127 0.00315429 1.93543e-19 -0.00315429 -3.44722e-19
3.61283 0.0370022 -0.147276 0.0167256 -0.000696353 0.00115429 0.00453486 -0.000271667 2.84166e-21 0.000271667 1.81887e-20
3.71755 0.030668 -0.14954 0.0125113 0.00559827 0.00851938 0.000285852 -0.000575285 4.31537e-21 0.000575285 5.1862e-20
3.82227 0.0315776 -0.14905 0.00170534 -0.00284424 0.00422303 0.00511231 0.00109049 -1.05769e-20 -0.00109049 -1.25893e-19
3.92699 0.0353584 -0.146299 0.00440089 -0.00433355 0.00126468 0.00699823 0.000603803 -1.39333e-20 -0.000603803 -6.32569e-20
4.03171 0.0403939 -0.138964 0.0122289 -0.00185367 -0.00558399 0.00707668 0.000369988 -2.19294e-21 -0.000369988 -3.70121e-20
4.13643 0.0271954 -0.132618 0.0024459 -0.00707685 -0.00463424 0.00217143 -0.00139849 2.78243e-20 0.00139849 1.012e-19
4.24115 0.033662 -0.139999 0.0152997 -0.00287109 -0.00554602 0.00512014 0.000817272 -2.65692e-20 -0.000817272 -4.93659e-20
4.34587 0.0323744 -0.133381 0.00835002 -0.00272972 -0.00362876 -0.00327351 0.00303339 -1.16318e-19 -0.00303339 -1.83615e-19
4.45059 0.0302594 -0.132463 0.0127859 0.000226244 0.00291675 0.00310409 -0.000309161 1.53365e-21 0.000309161 1.99057e-20
4.55531 0.0364452 -0.132533 0.0105673 0.000299025 -0.00407469 0.00807135 -0.00092694 1.12256e-20 0.00092694 8.57857e-20
4.66003 0.0319018 -0.124683 0.010605 0.00763517 -0.00800299 -0.0071479 0.00277295 9.92254e-20 -0.00277295 -1.93656e-19
4.76475 0.0283536 -0.123655 -0.00137186 0.00692111 -0.00109271 -0.0060142 -0.00129264 -2.56384e-20 0.00129264 1.55918e-19
4.86947 0.0274143 -0.123329 -0.000326427 0.00116622 0.00140122 -0.00297714 -0.00196447 6.21075e-20 0.00196447 1.29715e-19
4.97419 0.0309339 -0.122221 0.000434728 -0.00137423 0.00733254 -0.00458924 0.00185952 -4.66794e-20 -0.00185952 -1.01482e-19
5.07891 0.0302855 -0.122955 -0.000323102 -0.0121128 0.000694549 0.0036598 0.000263111 -5.10864e-21 -0.000263111 -1.46419e-20
5.18363 0.0323341 -0.127023 0.00643806 -0.00619818 0.00715058 -0.00446556 -0.000736826 3.6173e-21 0.000736826 6.3137e-20
5.28835 0.0355437 -0.116376 0.00481831 -0.00642657 0.00585395 0.00971579 0.0017102 -3.85563e-20 -0.0017102 -1.18095e-19
5.39307 0.0284794 -0.114001 0.0171288 -0.00541059 0.00437435 0.0120236 -0.00194447 2.01384e-20 0.00194447 1.02554e-19
5.49779 0.0273385 -0.11711 0.0057893 7.01736e-05 -0.00906009 0.00991423 -0.000234387 1.23397e-22 0.000234387 1.81676e-20
5.60251 0.0288109 -0.119673 0.0181576 -0.00327627 -0.00407506 0.00394628 -0.000828963 3.32326e-20 0.000828963 4.44371e-20
5.70723 0.0398494 -0.112727 0.000887933 0.0137242 -0.00647774 0.0013016 -0.00218327 1.45256e-20 0.00218327 2.20056e-19
5.81195 0.0284877 -0.104296 0.00703918 0.00289496 -0.00988898 -0.00110713 0.00175706 8.79998e-21 -0.00175706 -1.72982e-19
5.91667 0.0246047 -0.109054 -0.00373094 0.00941249 0.00224044 -0.00623058 0.00217132 9.92254e-20 -0.00217132 -2.18222e-19
6.02139 0.0217162 -0.108878 -0.0060331 0.00147378 -0.00121519 -0.00509786 0.000585917 2.59204e-20 -0.000585917 -5.1862e-20
6.12611 0.0263985 -0.112241 -0.00496464 -0.00533168 -0.00137465 -0.00280799 -0.0017731 9.56151e-21 0.0017731 1.71684e-19
6.23083 0.0272071 -0.107931 0.000591562 -0.0115194 0.0103817 -0.00306913 -0.00117098 -1.26923e-20 0.00117098 5.44216e-20
6.33555 0.0295945 -0.112406 0.00360922 -0.0040021 -0.00515717 0.00459241 0.000230403 2.64422e-21 -0.000230403 -1.8432e-20
6.44026 0.0338685 -0.109757 0.00328587 -0.00654058 0.00208117 -0.000611171 0.00426608 8.45023e-20 -0.00426608 -2.40758e-19
6.54498 0.031394 -0.0949745 0.00816808 -0.00111118 0.00440286 0.00172126 -0.00216849 1.99128e-20 0.00216849 5.64383e-20
6.6497 0.0293949 -0.100986 0.00944917 0.00103236 0.00256003 0.00334272 0.00270157 -1.2963e-19 -0.00270157 -1.80371e-19
6.75442 0.0266214 -0.0967829 0.000787456 0.00604659 0.00116358 0.00531425 -0.0033128 -6.03588e-21 0.0033128 2.64761e-19
6.85914 0.0230299 -0.0955824 0.00257899 -0.000162404 0.000804097 0.00414776 0.00274235 -2.05897e-21 -0.00274235 -1.23087e-19
6.96386 0.0264225 -0.0996796 0.0025636 0.00235073 -0.00131331 0.00311965 -0.000865496 2.88256e-20 0.000865496 3.4805e-20
7.06858 0.0235561 -0.0942836 -0.00406054 0.000256315 -0.00193034 0.00700144 -0.00108057 4.86114e-20 0.00108057 9.8069e-20
7.1733 0.0268735 -0.0972401 -3.11094e-05 -0.00828758 -0.0108685 0.0072453 0.00104625 1.7882e-20 -0.00104625 -4.31255e-20
7.27802 0.0198564 -0.09445 0.000424554 0.0012913 -0.0108782 -0.0100377 -0.00277304 -4.87947e-20 0.00277304 2.76353e-19
7.38274 0.0225142 -0.101085 0.00202224 -0.011269 0.00467177 -0.00570347 0.00072715 -1.43634e-20 -0.00072715 -3.70191e-20
7.48746 0.0283276 -0.0991528 0.00785622 -0.0101328 -0.0045963 0.000164801 -0.00107859 -5.83845e-21 0.00107859 2.93897e-20
7.59218 0.0274867 -0.0945515 0.015127 0.00477379 0.00656003 -0.0129978 -0.00109352 -1.87423e-20 0.00109352 1.98564e-20
7.6969 0.0274425 -0.09227 0.00501738 0.00120128 0.00702739 0.00615637 -0.00180088 1.08871e-20 0.00180088 1.71487e-19
7.80162 0.0299448 -0.086044 0.00362241 0.00971248 -0.00232009 0.00530743 0.00444026 2.3021e-19 -0.00444026 -4.01414e-19
7.90634 0.0180894 -0.0907409 -0.00441949 -0.00447775 0.00436885 -0.00372859 0.000670855 1.78538e-20 -0.000670855 -4.993e-20
8.01106 0.0305512 -0.0851537 0.00477331 0.00176318 0.0128412 0.00613765 0.000790837 -1.47512e-20 -0.000790837 -3.6455e-20
8.11578 0.0137953 -0.0872598 -0.00200067 0.0018024 -0.00767727 0.00722934 0.00168318 1.58089e-20 -0.00168318 -1.37387e-19
8.2205 0.0207712 -0.0888376 -0.00184688 0.00341576 -0.000132887 -0.00151355 0.000846625 3.9205e-21 -0.000846625 -6.04082e-20
8.32522 0.0239869 -0.0908349 -0.00445945 -0.00256841 0.00141709 0.00467851 -0.000621957 9.09613e-21 0.000621957 4.58896e-20
8.42994 0.0205044 -0.0882013 -0.000966207 -0.00720445 -0.00271161 -0.00201384 -0.00100143 1.03089e-20 0.00100143 6.42934e-20
8.53466 0.0252302 -0.0907018 0.00563607 -0.00647005 -0.00238539 -0.00566398 -0.00168815 2.54692e-20 0.00168815 5.03037e-20
8.63938 0.0272142 -0.0831165 0.0066529 0.0016666 0.00218092 0.00501311 -0.000506823 4.34358e-21 0.000506823 1.64859e-20
8.7441 0.0225692 -0.0834716 0.00340012 0.0025636 -0.00478769 -0.00150653 0.00147155 1.67961e-20 -0.00147155 -9.18921e-20
8.84882 0.0235213 -0.0768281 -0.00620931 0.00175546 0.00102696 -0.00661459 -0.00474554 -3.93178e-20 0.00474554 2.43015e-19
8.95354 0.0186989 -0.080452 0.00844164 -0.00314636 0.00835646 0.00412687 0.00127142 -1.88551e-20 -0.00127142 -5.98793e-20
9.05826 0.0171074 -0.0817193 0.00191168 0.00545481 -0.00148016 -0.00162693 -0.000677622 2.86986e-21 0.000677622 2.97775e-20
9.16298 0.0181962 -0.0845545 0.00283346 -0.00176013 0.00365182 0.00527157 -0.000251989 4.23605e-21 0.000251989 1.32617e-20
9.2677 0.0179242 -0.0834823 -0.0018247 0.000587246 0.000449108 0.0048588 -0.00224225 4.63691e-20 0.00224225 1.63928e-19
9.37242 0.0223671 -0.0787736 0.00220846 0.00104134 -0.00628522 0.00100655 0.000609435 4.06858e-21 -0.000609435 -3.94236e-20
9.47714 0.0167399 -0.0795137 -0.00172614 -0.00412458 0.000294694 0.00141213 5.48881e-05 -1.59535e-22 -5.48881e-05 -2.99282e-21
9.58186 0.0186586 -0.0833567 0.00529742 -0.0025162 -0.00569349 -0.0040733 0.00223263 -1.44974e-20 -0.00223263 -1.4063e-19
9.68658 0.022865 -0.0806367 -0.00343287 -0.00260037 0.000333419 -0.00342308 -0.000751023 -2.86281e-21 0.000751023 3.67794e-20
9.7913 0.0188247 -0.0794717 -0.00116783 -0.00360824 -0.000366866 -0.00167423 0.000752326 -1.45397e-20 -0.000752326 -4.50082e-20
9.89602 0.0214068 -0.0749413 0.00435258 -0.00553059 -0.000873995 -0.00626749 -0.000679877 1.52378e-20 0.000679877 1.95108e-20
10.0007 0.0190186 -0.0782426 0.00549431 0.00390429 -0.00332773 -0.00718254 0.000726539 4.50576e-21 -0.000726539 -3.96351e-20
10.1055 0.018259 -0.075917 0.00183516 0.00343155 0.00881053 -0.00653131 -0.00142702 -2.46794e-20 0.00142702 9.17228e-20
10.2102 0.022938 -0.0774571 0.00565218 0.00464475 0.00939852 -0.000462246 -0.00128862 2.23525e-20 0.00128862 9.32318e-20
10.3149 0.0284276 -0.073487 -0.00307577 0.00176292 0.00145434 0.00567644 -0.00196093 5.52819e-20 0.00196093 1.65846e-19
10.4196 0.0142671 -0.0676263 -0.00353246 0.00583688 0.00181898 -0.00141882 0.00208169 4.15742e-20 -0.00208169 -1.32155e-19
10.5243 0.016361 -0.0755509 -0.00842027 -0.00927799 0.0041995 0.00194625 0.000174054 -2.2758e-21 -0.000174054 -9.80654e-21
10.6291 0.0153121 -0.0723092 0.00489439 -0.00597303 0.00519074 0.00362845 0.000572575 -2.78525e-21 -0.000572575 -1.09577e-20
10.7338 0.0207999 -0.0754293 0.00423904 -0.00522361 -0.00344708 0.00491764 0.00140639 1.35102e-20 -0.00140639 -6.06409e-20
10.8385 0.0161019 -0.0748887 0.00441439 -0.00589527 -0.00102189 0.00263833 -0.00207169 6.57178e-20 0.00207169 3.41563e-20
10.9432 0.0195602 -0.0692739 0.00336646 0.00920505 0.000538675 0.00435442 0.00180733 9.49664e-20 -0.00180733 -6.63101e-20
11.0479 0.0184821 -0.0732994 -0.000178247 -0.00548516 -0.0108452 0.00347041 -0.00130543 -2.48628e-20 0.00130543 5.70306e-20
11.1527 0.0157732 -0.0680157 0.00153874 0.00463633 -0.00654937 -0.00146428 -0.00121621 -3.12512e-20 0.00121621 5.88498e-20
11.2574 0.0180901 -0.0678891 -0.00416026 0.000823452 -0.00451545 -0.00520288 0.00164828 -5.49999e-21 -0.00164828 -1.69103e-19
11.3621 0.0182786 -0.0699325 0.00558199 -0.00403927 0.00680606 -0.00841271 0.0040877 -1.26697e-19 -0.0040877 -1.65e-19
11.4668 0.0161529 -0.0682186 -0.00619144 0.00111079 0.00822864 0.00152074 -0.00252723 -4.56922e-21 0.00252723 1.91879e-19
11.5715 0.016573 -0.065551 0.00732614 -0.00327424 0.000878412 0.00103482 -0.000686187 2.95589e-20 0.000686187 3.32961e-20
11.6763 0.0152786 -0.0672632 -0.00207271 0.00014462 0.00179182 -0.00252694 0.000697249 6.1346e-21 -0.000697249 -4.46415e-20
11.781 0.0071242 -0.0713531 -0.0057119 0.000270497 0.0111506 0.00831313 -0.000921468 2.38333e-21 0.000921468 6.42511e-20
11.8857 0.018516 -0.0800516 0.00288928 -0.00151509 -0.00799734 0.0137937 0.000755587 -3.9346e-21 -0.000755587 -4.25191e-21
11.9904 0.025825 -0.0658288 -0.00156848 -0.000598188 -0.00286964 -0.00494981 -0.000898382 1.41307e-20 0.000898382 7.88049e-20
12.0951 0.016064 -0.0668283 -0.00100306 0.00350234 -0.00161052 0.00299873 9.12499e-05 1.59359e-21 -9.12499e-05 -5.02402e-21
12.1999 0.0174558 -0.0653664 -0.00483395 -0.00403639 -0.00961533 0.0085032 0.00122411 -2.38333e-20 -0.00122411 -5.11358e-20
12.3046 0.0171971 -0.0615413 0.00822934 -0.0040904 -0.00956785 -0.0135094 0.00162411 -5.49716e-20 -0.00162411 -3.11666e-20
12.4093 0.0131687 -0.0665246 -0.00144663 -0.00263429 0.00916803 -0.00750782 -0.00388139 -2.59769e-20 0.00388139 2.28489e-19
12.514 0.0147274 -0.0608146 0.0110491 0.00388701 -0.0051769 0.00111874 -0.00089096 9.54036e-21 0.00089096 1.4441e-20
12.6187 0.0151395 -0.0641983 -0.00537768 0.000186987 -0.00117167 -0.0119434 0.00189851 2.85294e-20 -0.00189851 -1.25301e-19
12.7235 0.0142668 -0.0618349 0.00536369 -0.00089997 0.0132368 -0.0040999 -0.00290396 6.01896e-20 0.00290396 5.02332e-20
12.8282 0.0153801 -0.0649661 -0.00283088 0.00329973 0.00504453 0.00272666 -0.00101754 -1.01891e-20 0.00101754 8.39523e-20
12.9329 0.0115551 -0.0576879 0.00536832 0.0042959 0.00404266 0.00680687 -0.00214974 -3.15897e-21 0.00214974 8.83382e-20
13.0376 0.00907205 -0.0661525 -0.00098509 0.00601166 -0.00740499 0.00346684 0.00292345 3.29435e-20 -0.00292345 -1.48218e-19
13.1423 0.0143678 -0.067573 -0.00839372 0.00313518 -0.0053611 -0.00334346 -0.0031329 -3.02922e-20 0.0031329 2.09817e-19
13.247 0.0187385 -0.0661945 -0.00910843 -0.00032219 -0.0100758 -0.00355478 0.00453282 6.8087e-20 -0.00453282 -2.35287e-19
13.3518 0.016752 -0.0625202 -0.0063408 -0.0053977 0.00533621 -0.00775126 -0.000535673 1.17756e-21 0.000535673 1.48288e-20
13.4565 0.0163371 -0.0642352 0.000808962 -0.00725238 0.00609255 -0.000358933 4.97268e-05 -6.68548e-22 -4.97268e-05 -2.6949e-21
13.5612 0.0149542 -0.0590172 0.00408359 -0.00596152 -0.00151562 -0.0047294 -0.00142127 -1.24102e-21 0.00142127 3.34512e-20
13.6659 0.0125784 -0.0579646 0.00933662 -0.00471311 -0.000255023 0.00127659 -0.00117001 1.8573e-20 0.00117001 8.17946e-21
13.7706 0.0174326 -0.0590627 0.00103815 0.00595551 0.0120636 -0.00393053 -0.000792489 -7.73524e-21 0.000792489 1.26641e-20
13.8754 0.0140188 -0.0588511 -1.43363e-05 -0.00512744 0.0106504 0.00809261 0.00351324 -4.90768e-20 -0.00351324 -5.67768e-20
13.9801 0.0137843 -0.0537038 0.00214795 0.00334974 -0.0014301 0.00526806 -0.00277533 -5.95127e-20 0.00277533 1.4582e-20
14.0848 0.0118251 -0.0570648 1.33659e-05 0.0056726 -6.36071e-05 0.00565021 0.00098654 -1.59359e-21 -0.00098654 -5.63537e-20
14.1895 0.00897656 -0.0557373 -4.93956e-05 0.000830709 -0.00515198 0.0128441 -0.0024521 -1.76564e-20 0.0024521 1.61728e-19
14.2942 0.0107505 -0.0613027 -0.000977532 0.00453098 -0.0120488 0.00748983 0.00269331 -2.76974e-20 -0.00269331 -1.25386e-19
14.399 0.0119653 -0.0613276 0.000898275 -0.00272054 -0.00512416 -0.0135162 0.00060023 -1.9532e-21 -0.00060023 -3.38743e-20
14.5037 0.0125089 -0.0592873 0.000734581 0.00411754 -0.00262572 0.00476675 -0.000610839 -1.36794e-21 0.000610839 2.90512e-20
14.6084 0.012897 -0.0569877 -0.00698617 -0.00312567 -0.00723695 -0.00290702 -9.28495e-05 2.74647e-21 9.28495e-05 7.462e-21
14.7131 0.0138143 -0.0580728 0.00447959 0.000600148 -0.000266041 -0.00978229 0.000804854 -1.96942e-20 -0.000804854 1.14865e-20
14.8178 0.0151186 -0.0571643 -0.00352898 0.000336187 -0.000684237 -0.000348231 -0.000908386 3.04403e-20 0.000908386 3.62012e-20
14.9226 0.00686776 -0.054877 -0.0025717 9.98819e-05 0.00198091 -0.0128098 0.00304936 6.83972e-21 -0.00304936 -1.28996e-19
15.0273 0.0121514 -0.0600804 -0.000443274 -0.000259493 0.00752612 -0.00324179 -0.000362892 7.47434e-21 0.000362892 9.45927e-21
15.132 0.00807667 -0.0512621 -0.00119461 0.00167777 0.00368399 0.00791812 -0.00266737 -1.02666e-20 0.00266737 7.51947e-20
15.2367 0.0117194 -0.0529147 -0.00391384 -0.00428008 -0.00327228 -0.00292244 0.00256715 7.51383e-20 -0.00256715 -1.25823e-19
15.3414 0.00749764 -0.0576148 0.00257108 -0.00295134 0.00460003 0.00518131 -0.00286801 1.70923e-20 0.00286801 6.65498e-20
15.4462 0.0117376 -0.0577566 0.0030719 -0.00701301 -0.00450106 0.00734326 0.00316975 -1.13384e-19 -0.00316975 1.21282e-21
15.5509 0.0108005 -0.063569 0.00512722 -0.00105751 -0.00397492 -0.00671757 -0.00041024 5.36954e-21 0.00041024 1.04641e-20
15.6556 0.0185079 -0.0556294 0.00504504 0.00980798 0.00603091 0.00475981 0.00125492 2.28602e-20 -0.00125492 -5.2814e-20
15.7603 0.0177915 -0.0510174 -0.0087804 -0.00430582 -0.00429389 -0.00378089 -0.00402931 2.34666e-20 0.00402931 1.91964e-19
15.865 0.0161754 -0.0535489 0.00543337 -0.00234581 0.00346569 -0.00273645 0.00131559 -8.30357e-20 -0.00131559 -1.11551e-20
15.9698 0.0104046 -0.0443125 0.000711937 0.00110026 0.00155353 0.00248511 0.00463871 4.38871e-20 -0.00463871 -1.386e-19
16.0745 0.0109728 -0.056141 0.0030511 0.000654529 -0.00297704 0.00299658 -0.00164104 3.28871e-20 0.00164104 2.91922e-21
16.1792 0.0131317 -0.0514134 -0.00404766 -0.00112898 -0.00998045 -0.00844361 -0.00069271 6.09934e-21 0.00069271 5.16787e-20
16.2839 0.0110209 -0.0516519 0.00438018 -0.00172472 0.0109286 -0.00161567 -0.00026091 1.36089e-21 0.00026091 3.95223e-21
16.3886 0.00667743 -0.0494128 0.00179011 0.00389354 -0.00249271 8.29333e-07 -0.000734381 -9.83299e-21 0.000734381 2.43833e-20
16.4934 0.00797524 -0.0548492 -0.00215539 -0.00330392 0.0111462 -0.00726426 -0.000710401 1.40602e-20 0.000710401 2.16862e-20
16.5981 0.00618401 -0.0544252 0.00460549 -0.00381141 0.00717813 0.00953252 0.00234026 -3.48473e-20 -0.00234026 -3.7823e-20
16.7028 0.0143819 -0.0540826 4.24665e-05 0.00326356 -0.00562834 0.00623374 0.00239239 4.73845e-21 -0.00239239 -1.68497e-19
16.8075 0.0135486 -0.0480004 -0.000834463 -0.004341 0.00690201 0.00379329 -0.000371323 1.259e-20 0.000371323 1.85801e-21
16.9122 0.00879322 -0.047187 -0.00163308 0.00271904 -0.0085053 0.00844357 -0.00238024 -2.36217e-20 0.00238024 7.37421e-20
17.017 0.00940602 -0.0587808 0.0022371 -0.00327159 -0.00969008 0.00249032 0.00494444 -1.81217e-19 -0.00494444 -2.1732e-19
17.1217 0.0119165 -0.0427842 0.00425213 0.00447841 0.00106713 0.000369779 -0.00461647 -3.90358e-20 0.00461647 1.44015e-19
17.2264 0.00488381 -0.0546894 -0.00179678 0.000265203 -0.00766878 0.0010843 -7.36672e-05 -6.79786e-22 7.36672e-05 4.22789e-21
17.3311 0.0106372 -0.0518417 0.0006346 0.002182 -0.00847081 -0.00463404 0.00234802 5.37306e-20 -0.00234802 -7.5787e-20
17.4358 0.00966002 -0.0514914 -0.00156987 0.00263333 -0.0018937 -0.0106168 -0.00299539 -1.12143e-19 0.00299539 2.33538e-19
17.5406 0.00769504 -0.0473781 -0.00632085 -0.00198307 0.00495809 -0.00434131 -0.00269354 -4.72294e-20 0.00269354 8.99741e-20
17.6453 0.0121276 -0.0532252 0.00260043 0.00730373 0.00212491 -0.0060312 0.000282283 9.216e-21 -0.000282283 -1.94262e-20
17.75 0.00934548 -0.050991 -0.00640743 -0.00185564 0.00187427 -0.000412297 0.00263701 -2.93615e-20 -0.00263701 -8.98472e-20
17.8547 0.00748041 -0.0481396 -0.00326123 0.00349861 -0.00167737 -0.00246859 0.00164099 1.41237e-20 -0.00164099 -9.09895e-20
17.9594 0.0120739 -0.0559663 -0.00179241 -0.00931843 0.0147881 -0.00354197 -0.00157781 2.9573e-20 0.00157781 -2.72602e-20
18.0642 0.0119554 -0.0474534 0.00127728 0.000177301 0.00431606 0.00536027 0.000520623 -9.26536e-21 -0.000520623 1.00128e-21
18.1689 0.00909596 -0.0467004 -0.00099907 0.00124968 -0.0097148 -0.00175848 -0.0013857 1.18884e-20 0.0013857 5.65229e-20
18.2736 0.0110208 -0.051472 0.000533895 -0.00358682 0.0110018 -0.00340994 0.00261781 -1.19589e-20 -0.00261781 3.7414e-20
18.3783 0.0108592 -0.0474623 0.00177476 -0.006722 -0.000544307 0.0136908 -0.00161502 9.45292e-20 0.00161502 -1.22833e-20
18.483 0.0123597 -0.0479211 0.00637148 0.000345778 -0.00942311 -0.00648877 0.000355805 -4.83717e-21 -0.000355805 9.72722e-21
18.5878 0.00640119 -0.0466814 -8.12769e-07 0.00510526 0.0071893 -0.00813436 -0.00168699 -2.17461e-20 0.00168699 6.32639e-20
18.6925 0.0156403 -0.0506895 -0.000328892 0.00265367 0.000947118 0.0080777 -0.00136431 1.9814e-20 0.00136431 9.29215e-20
18.7972 0.00954926 -0.0384067 0.00415399 -0.000275306 -0.00274175 0.00268597 0.00271157 6.20511e-22 -0.00271157 2.7923e-21
18.9019 0.00758832 -0.0433148 -0.00512003 -0.000194777 0.00153039 0.00575633 -0.00166741 1.10846e-20 0.00166741 5.84127e-20
19.0066 0.0084833 -0.0446355 0.00254578 0.0030498 -0.00744783 0.00264205 -0.0051009 -3.58486e-20 0.0051009 1.3953e-19
19.1114 0.00152767 -0.0447082 -0.00811699 0.00526573 0.000837549 -0.00128715 -0.00118048 -5.37289e-20 0.00118048 7.8916e-20
19.2161 0.00519808 -0.054484 -0.00188895 -0.00362705 -0.00462635 0.00232683 0.00543834 -8.281e-20 -0.00543834 -1.11156e-19
19.3208 0.0123706 -0.0486543 -0.0027661 -0.00485095 -0.00961146 -0.00103286 -0.00225588 1.75435e-20 0.00225588 1.0952e-19
19.4255 0.0117891 -0.0445903 0.00479525 -0.00254882 -0.00071379 -0.0135515 0.00165901 -7.46447e-20 -0.00165901 -1.97999e-20
19.5302 0.00892474 -0.0449259 0.00067462 0.00130129 0.00540216 0.00229879 0.00159666 8.10895e-21 -0.00159666 -1.34397e-20
19.635 0.00455969 -0.0419783 0.0040364 -0.00216002 -0.00087509 0.00402051 0.00157046 -2.80781e-20 -0.00157046 -1.32211e-20
19.7397 0.00557756 -0.0467436 0.00714187 -0.00115665 -5.10687e-07 -0.00376938 -0.00409487 2.57935e-20 0.00409487 2.80076e-20
19.8444 0.00605351 -0.0423845 0.00672459 0.00826213 0.00173704 0.0015841 0.000853151 3.16602e-20 -0.000853151 -4.25685e-20
19.9491 0.00510715 -0.0504534 5.98879e-06 -0.000129958 0.000663953 0.00267725 -0.000347792 -2.52083e-22 0.000347792 1.07884e-20
20.0538 0.0117371 -0.0442241 0.00104141 0.0041944 -0.00748762 -0.00219183 -0.00518163 8.65895e-20 0.00518163 2.85379e-19
20.1586 0.00297035 -0.0424962 -0.00295206 0.00132089 -0.00136661 -0.0093468 0.00151107 1.88621e-20 -0.00151107 -5.20877e-20
20.2633 0.00430207 -0.047608 0.00422165 -0.0042964 0.00400558 -0.00659049 0.00120938 -2.44538e-20 -0.00120938 -1.24314e-20
20.368 0.00736235 -0.0515412 0.00159202 0.00481132 0.0144644 -7.54519e-05 0.00103866 -1.09788e-20 -0.00103866 -5.1164e-20
20.4727 0.0157689 -0.0463175 -0.00581165 0.00146056 -0.00737827 0.00989772 0.00247595 -3.6723e-20 -0.00247595 -1.00607e-19
20.5774 0.00743718 -0.0427853 -0.00103506 -0.00817102 0.0102957 -0.00347376 0.00339122 -1.62264e-19 -0.00339122 1.21338e-19
20.6822 0.0090891 -0.0409776 0.00481202 -0.00290089 0.00529136 0.0107972 -0.000853182 3.08422e-20 0.000853182 1.91019e-20
20.7869 0.0152694 -0.0400383 -0.000578759 0.00185522 -0.004214 0.00873923 -0.00397351 -6.76921e-22 0.00397351 1.2021e-19
20.8916 0.00477785 -0.0354383 0.00364225 -0.00147532 -0.00160173 -0.000280122 0.00428659 -6.20229e-20 -0.00428659 -3.30563e-20
20.9963 0.00241808 -0.0409343 -9.02581e-05 0.00446472 -0.000877126 -0.00268118 -0.0055033 -1.43874e-19 0.0055033 2.77904e-19
21.101 0.00454997 -0.0402705 0.00108954 0.00263655 -0.00825372 0.00563965 0.000654607 -6.42546e-21 -0.000654607 -1.61809e-20
21.2058 0.00606496 -0.0448601 -0.00432193 0.00339592 -0.00162993 -0.00806533 0.00223848 4.9387e-20 -0.00223848 -1.25738e-19
21.3105 0.00763599 -0.0408893 -0.00453715 -0.00472124 0.00544234 0.00367873 0.00167098 -2.70204e-20 -0.00167098 3.19986e-20
21.4152 0.00222161 -0.042315 -0.00119249 -0.000715287 -0.00485693 -0.00171449 -0.00083788 3.54326e-22 0.00083788 1.86647e-20
21.5199 0.00821596 -0.0473633 -0.00456386 -0.00475063 0.00139551 -0.0104942 -0.00206984 -6.47306e-21 0.00206984 2.06461e-20
21.6246 0.00759636 -0.046858 0.00715287 -0.00228257 -0.00236292 0.00585875 -0.000587731 2.00185e-20 0.000587731 -1.69935e-21
21.7293 0.0130112 -0.0416355 -0.0041637 -0.00158196 -0.00205317 -0.00767688 0.000748327 4.88653e-21 -0.000748327 -3.43961e-20
21.8341 0.00834468 -0.042398 0.000985674 -0.00554213 0.00648449 -0.00213065 0.000252368 -1.76105e-21 -0.000252368 -3.41634e-21
21.9388 0.00874493 -0.043362 0.00260524 -0.000591877 -0.000705707 0.00128196 0.00181845 -4.29281e-20 -0.00181845 -6.1628e-20
22.0435 0.00719664 -0.0424794 0.000963209 0.00484988 0.00371097 0.00371785 -0.000447676 -1.10141e-20 0.000447676 2.55926e-20
22.1482 0.0100342 -0.0403911 0.00234009 0.000969009 0.000938553 0.00383416 -0.00219038 -1.15641e-20 0.00219038 1.16177e-19
22.2529 0.0114092 -0.0389193 -6.59051e-05 -0.00183265 9.55019e-05 0.00499695 -0.0003399 -5.83139e-21 0.0003399 -1.2657e-21
22.3577 0.00801703 -0.0347104 0.00216672 0.000651251 -0.00467328 -0.00175027 9.74345e-05 -7.43027e-22 -9.74345e-05 7.11296e-22
22.4624 0.00223388 -0.037367 -0.0032649 -0.000408036 -0.00127288 0.00157501 -0.0016357 -5.00992e-21 0.0016357 4.75044e-20
22.5671 0.00341802 -0.0424001 0.00612337 -5.7387e-05 -0.00646774 -0.00156991 0.00126528 -4.83717e-21 -0.00126528 -2.25711e-20
22.6718 0.00442744 -0.0372949 -0.0095241 0.00115788 -0.0057772 -0.0106358 0.00129625 5.57896e-20 -0.00129625 -3.61871e-20
22.7765 0.0106143 -0.0436543 0.00371589 -0.00991303 0.0134778 -0.00725829 -0.0043168 2.63463e-19 0.0043168 -5.75101e-20
22.8813 0.00194921 -0.0399828 0.0015661 0.00231081 -0.00453634 0.00852652 0.000703014 -1.2397e-21 -0.000703014 -1.82476e-20
22.986 0.0105019 -0.0435848 0.00377105 -0.00478284 -0.000487981 -0.0134077 -0.00111167 6.1346e-20 0.00111167 2.34807e-20
23.0907 0.0105464 -0.0383197 0.00268247 -0.00207807 0.0115317 0.00419135 0.00265131 -8.28664e-20 -0.00265131 -4.70742e-20
23.1954 0.00766027 -0.0381504 0.0098063 -7.4252e-05 0.000375624 0.0061993 0.00388584 -7.69716e-20 -0.00388584 -7.53075e-21
23.3001 0.0103977 -0.0342555 0.00339026 0.00822136 0.00298916 0.00185652 -0.000456103 -2.30717e-20 0.000456103 2.85365e-20
23.4049 0.0009847 -0.0342919 0.000379589 0.00877986 -0.00370987 0.0123576 -0.000364558 -4.62246e-20 0.000364558 3.05619e-20
23.5096 -0.00123234 -0.0349124 -0.00813686 0.000874947 -0.00669743 0.00355417 0.00141039 2.47041e-20 -0.00141039 -8.33706e-20
23.6143 -0.000744298 -0.0442396 -0.00363761 0.00239941 -0.00499615 0.00175086 2.35402e-06 7.03439e-23 -2.35402e-06 -1.38853e-22
23.719 0.00331976 -0.0415677 -0.00693394 -0.00765339 -0.00936592 -0.00555174 0.000636299 -1.86929e-20 -0.000636299 -2.99573e-20
23.8237 0.00535415 -0.0362104 0.00184993 -0.00119364 0.000775632 -0.00786917 -0.000265948 -3.85175e-21 0.000265948 7.20992e-21
23.9285 0.00328756 -0.0478783 -0.00402001 0.00210711 -0.00113447 -0.00458187 0.00120167 1.99092e-20 -0.00120167 -6.49386e-20
24.0332 0.0108478 -0.0430373 -0.00221157 -0.0063744 0.00594281 -0.00417271 -0.00142258 1.4582e-20 0.00142258 -1.60487e-20
24.1379 0.0147887 -0.0417344 0.00361338 -0.00619628 0.00256493 -0.000272948 0.00294474 -2.49417e-19 -0.00294474 -8.82818e-20
24.2426 0.0119687 -0.0315353 0.006536 0.00286259 0.00577889 0.00263256 -0.00207601 3.06589e-20 0.00207601 -5.40691e-20
24.3473 0.00784701 -0.0343525 -0.000314968 0.00431873 -0.00834247 0.00166784 -1.02394e-05 -2.72245e-22 1.02394e-05 4.89347e-22
24.4521 0.00513565 -0.0364017 -0.00117148 0.00270309 0.00396868 -0.00279909 0.00172595 6.70575e-21 -0.00172595 -5.3639e-20
24.5568 0.00784111 -0.0330448 0.00138071 0.0037872 -0.00120473 0.000192456 -0.00369419 -6.47588e-20 0.00369419 3.5905e-20
24.6615 -0.00235887 -0.0359099 -0.00647597 0.000433929 -0.00133272 -0.00575717 0.00402498 7.97286e-20 -0.00402498 -1.8506e-19
24.7662 0.00371942 -0.0419271 -0.00180312 -0.000623897 0.00626255 0.00473663 -0.000501023 -4.58332e-22 0.000501023 2.42246e-20
24.8709 0.00310995 -0.0372039 -0.00383018 -0.00723772 0.00346251 -9.06442e-05 7.24178e-05 3.65784e-23 -7.24178e-05 7.4523e-22
24.9757 0.00599431 -0.0396634 0.00138457 0.000471394 -0.00609788 -0.00265908 -0.00287722 -4.18563e-20 0.00287722 1.31153e-19
