0.0523599 0.0785291 -0.0401132 0.0691319 0.00329154 0.00575602 0.0116206 0.0327167 -0.0149577 0.0197013 2.67729e-19 -0.0124445 -0.00040606 -0.00299621 0.000207093 0.0275114 -1.8501e-17
0.15708 0.103703 -0.0623891 0.0663262 0.004968 -0.0034738 0.0123415 0.0404258 -0.00855126 0.00735757 -5.65779e-19 -0.00502519 -0.000476214 -0.0012617 0.000265365 0.0104164 -4.65682e-18
0.261799 0.120972 -0.0734438 0.0637145 0.00620383 -0.00611601 0.0095274 0.0371128 -0.000546946 0.00271372 -1.84207e-19 -0.00183873 -0.000256989 -0.000534388 0.000159249 0.00372329 -1.17965e-18
0.366519 0.130322 -0.0755444 0.0609031 0.00506542 -0.00709902 0.00871739 0.0344082 -0.00122869 0.00211785 6.90742e-20 -0.00139263 -0.000199284 -0.000441153 0.000121933 0.00282159 -5.4684e-19
0.471239 0.137267 -0.0802456 0.0589205 0.00456194 -0.00896379 0.00586225 0.0345124 0.00383872 0.000336149 -2.99044e-20 -0.000217261 -3.67589e-05 -7.41237e-05 2.13644e-05 0.000437847 -7.86286e-20
0.575959 0.145388 -0.0842939 0.0559103 0.00420112 -0.00785666 0.00372055 0.0282236 0.0065114 0.000983962 4.10383e-21 -0.000607561 -0.000111365 -0.000231843 6.55137e-05 0.00122804 -9.91126e-20
0.680678 0.146596 -0.0843126 0.0540671 0.00218254 -0.0076631 0.00373795 0.0271463 0.00472137 0.000881913 9.37677e-20 -0.000536426 -8.97314e-05 -0.000212343 5.49096e-05 0.00108498 6.97511e-20
0.785398 0.147705 -0.0894019 0.0525455 0.00139299 -0.00779475 0.00235435 0.025823 0.00700504 0.000375354 -1.12609e-20 -0.000223281 -4.09046e-05 -9.18054e-05 2.40316e-05 0.000453427 -1.35455e-20
0.890118 0.149631 -0.0920216 0.05058 0.000230194 -0.00727096 0.00199301 0.023695 0.00666643 5.34481e-05 -2.15945e-21 -3.12772e-05 -5.5896e-06 -1.3536e-05 3.32264e-06 6.33279e-05 -3.5036e-21
0.994838 0.154048 -0.0944428 0.0472839 -0.000601641 -0.00648472 0.00106564 0.0192786 0.00697357 0.000355363 1.18532e-20 -0.000197713 -3.47174e-05 -9.1411e-05 2.09179e-05 0.000407663 3.73646e-20
1.09956 0.151965 -0.0931497 0.0459647 -0.0031436 -0.00650456 0.00109868 0.0200007 0.00530065 0.000689705 -4.10525e-20 -0.000385045 -6.25045e-05 -0.000179935 3.37423e-05 0.000790192 1.375e-20
1.20428 0.151573 -0.0960469 0.0439679 -0.0040226 -0.00526756 0.000413057 0.0161874 0.00603604 -0.000446726 2.96858e-21 0.000241281 3.8529e-05 0.000116968 -2.16868e-05 -0.00050164 -4.24627e-20
1.309 0.150118 -0.0985518 0.042802 -0.00508285 -0.0058556 0.000357169 0.0175918 0.00594251 -0.000311122 -1.58583e-20 0.000169274 2.62226e-05 8.36565e-05 -1.51417e-05 -0.000347951 -3.57781e-20
1.41372 0.151175 -0.0999568 0.0402806 -0.00589741 -0.00540108 -0.00111056 0.015163 0.00834598 0.000270767 -1.3207e-20 -0.00014249 -2.15778e-05 -7.35334e-05 1.30976e-05 0.000296545 1.60134e-20
1.51844 0.149074 -0.0982938 0.0384232 -0.00819863 -0.00347051 -0.000181062 0.0111919 0.00457946 3.26887e-05 1.87123e-21 -1.69587e-05 -2.1783e-06 -8.93493e-06 1.12228e-06 3.55654e-05 5.80671e-21
1.62316 0.146984 -0.100316 0.037045 -0.00911184 -0.00364495 0.000411624 0.01151 0.00307254 -0.000156435 4.11794e-21 8.10079e-05 9.58178e-06 4.32262e-05 -5.10568e-06 -0.000169676 -1.19131e-20
1.72788 0.144302 -0.100842 0.0358627 -0.0103544 -0.00437199 0.000135256 0.0131259 0.00327795 0.000184064 2.03535e-20 -9.56078e-05 -1.09494e-05 -5.13194e-05 5.64271e-06 0.000199622 4.84739e-20
1.8326 0.14246 -0.102664 0.0343522 -0.0109487 -0.00334737 3.40312e-05 0.0107806 0.00317086 -0.000149986 -6.68107e-21 7.71611e-05 8.00719e-06 4.26122e-05 -4.54536e-06 -0.000160987 -2.11291e-20
1.93732 0.141145 -0.101978 0.0325365 -0.0122727 -0.00382856 0.000416101 0.0114652 0.00181623 0.000138628 -9.79068e-21 -7.09151e-05 -6.33784e-06 -3.95563e-05 3.49735e-06 0.000148684 3.51505e-21
2.04204 0.137581 -0.102099 0.0316494 -0.013409 -0.00424892 -1.04118e-07 0.0125885 0.00217918 -0.000224378 -1.57666e-20 0.000115573 1.04806e-05 6.47163e-05 -4.96344e-06 -0.000240895 -3.70473e-20
2.14675 0.135577 -0.104259 0.0302034 -0.0133984 -0.00343176 -0.00095837 0.0103674 0.0043802 -0.000178684 1.44269e-20 9.02033e-05 7.72672e-06 5.20008e-05 -4.70115e-06 -0.000189191 -6.44133e-21
2.25147 0.13203 -0.104214 0.0293328 -0.0144056 -0.00416017 -0.00011131 0.012317 0.00223372 0.000358357 3.87467e-20 -0.000183317 -1.39898e-05 -0.000105187 8.63405e-06 0.000381907 9.70888e-20
2.35619 0.130485 -0.108133 0.0278322 -0.013407 -0.00329446 -0.00213328 0.00962362 0.00731455 -0.000138685 1.24913e-20 6.84125e-05 5.44437e-06 4.08994e-05 -4.73696e-06 -0.000144371 -1.17897e-20
2.46091 0.129243 -0.106064 0.0259825 -0.0149153 -0.00232585 -0.000606695 0.00746142 0.00288289 0.000782613 -2.35512e-20 -0.000387191 -2.14743e-05 -0.000234852 1.621e-05 0.000817586 5.16999e-20
2.56563 0.12565 -0.106855 0.0253726 -0.015115 -0.00342071 -0.0014986 0.00998035 0.00510776 -0.000645478 9.4769e-21 0.000319739 1.85791e-05 0.000194211 -1.7787e-05 -0.00067305 -1.27205e-19
2.67035 0.124188 -0.106892 0.0236874 -0.0155062 -0.00200766 -0.00140953 0.00642894 0.0044857 -0.000315071 -2.31987e-21 0.000153191 6.90253e-06 9.56206e-05 -6.69814e-06 -0.000325957 -4.61294e-20
2.77507 0.121516 -0.108926 0.0226272 -0.0152762 -0.0019441 -0.00104448 0.00622486 0.00364942 0.000440298 3.81755e-20 -0.000213802 -9.41121e-06 -0.000135345 9.08514e-06 0.0004538 1.05684e-19
2.87979 0.120308 -0.108162 0.0211933 -0.015865 -0.00221286 -0.000712132 0.00678627 0.00271051 9.11854e-05 -1.04359e-21 -4.44539e-05 -1.34468e-06 -2.84745e-05 1.71703e-06 9.40356e-05 9.05735e-21
2.98451 0.119061 -0.107126 0.01968 -0.0165024 -0.00184731 -0.000551353 0.00570156 0.00195733 -7.55338e-05 1.87564e-21 3.66643e-05 7.3661e-07 2.38657e-05 -9.5455e-07 -7.78011e-05 -4.39823e-21
3.08923 0.114693 -0.10737 0.0195376 -0.0165828 -0.00268199 -0.000819381 0.00791856 0.00267329 8.44881e-05 6.25447e-21 -4.13229e-05 -8.21695e-07 -2.67437e-05 1.65079e-06 8.71603e-05 1.79684e-20
3.19395 0.114975 -0.107509 0.0174611 -0.0165488 -0.00143019 -0.000952133 0.00445782 0.00286692 0.000149869 5.62338e-21 -7.14483e-05 -4.94967e-07 -4.78877e-05 1.87449e-06 0.00015312 2.78419e-20
3.29867 0.110644 -0.106685 0.0173421 -0.0170234 -0.00187855 -0.000383614 0.00588233 0.00130366 -0.000292631 -1.94967e-20 0.000142138 3.51795e-07 9.43721e-05 -4.03273e-06 -0.00030112 -6.40184e-20
3.40339 0.109196 -0.106536 0.0161305 -0.0171026 -0.00223281 -0.000203854 0.0064373 0.000914378 0.000358574 2.51307e-20 -0.000173537 2.91952e-07 -0.000116286 4.33498e-06 0.000368669 6.59434e-20
3.50811 0.106226 -0.105984 0.0156027 -0.0172598 -0.00262029 -0.000806946 0.00728246 0.00215269 -0.000316516 -2.44256e-20 0.000152961 2.5635e-07 0.000102931 -4.20076e-06 -0.000324875 -7.20216e-20
3.61283 0.105457 -0.106239 0.0142069 -0.0171382 -0.00167633 -0.000570111 0.00499029 0.00143144 2.66949e-05 1.152e-21 -1.28525e-05 1.26034e-07 -8.87327e-06 2.32245e-07 2.7285e-05 4.23605e-21
3.71755 0.101546 -0.105859 0.0141467 -0.0171163 -0.00222558 -0.00103404 0.00638443 0.00246954 5.51369e-05 1.78044e-21 -2.65625e-05 1.66779e-07 -1.82785e-05 7.40132e-07 5.63307e-05 1.05628e-20
3.82227 0.100614 -0.107307 0.0128945 -0.0163336 -0.00153348 -0.00138053 0.00459185 0.00349183 -0.000102835 -6.6987e-21 4.8595e-05 -6.03797e-07 3.43826e-05 -1.40023e-06 -0.000104051 -2.3523e-20
3.92699 0.0990243 -0.106948 0.0119636 -0.0163197 -0.0013229 -0.00107576 0.00402593 0.00268486 -5.56704e-05 5.35015e-21 2.63332e-05 -4.91445e-07 1.88372e-05 -6.06985e-07 -5.63291e-05 -3.3282e-21
4.03171 0.0975757 -0.105843 0.0110455 -0.0166196 -0.00132458 -0.000339318 0.00397985 0.000792695 -3.3275e-05 1.51955e-21 1.59133e-05 -4.34776e-07 1.14352e-05 -2.32355e-07 -3.38216e-05 -2.5931e-21
4.13643 0.0965746 -0.105429 0.0100544 -0.0164579 -0.00120456 -0.000790829 0.00359158 0.00195774 0.000123421 -2.86634e-21 -5.82429e-05 2.03018e-06 -4.25012e-05 9.73409e-07 0.000124907 1.1215e-20
4.24115 0.0935039 -0.10386 0.00981521 -0.0168547 -0.00124818 -3.85499e-05 0.00367016 -6.97313e-05 -7.00975e-05 -8.00318e-22 3.35512e-05 -1.2171e-06 2.43228e-05 -2.80042e-07 -7.14483e-05 -8.41568e-21
4.34587 0.0917583 -0.104157 0.00919233 -0.0164393 -0.00162712 -0.000413616 0.00451857 0.000879321 -0.000255097 -7.01601e-21 0.000121604 -4.2787e-06 8.89981e-05 -1.76012e-06 -0.000258961 -3.41422e-20
4.45059 0.0897305 -0.103113 0.00870261 -0.0165371 -0.00142006 -0.000450028 0.00401377 0.000806989 2.5377e-05 -2.46794e-23 -1.21153e-05 4.70283e-07 -8.92424e-06 1.37744e-07 2.57754e-05 2.87339e-21
4.55531 0.0878442 -0.103464 0.00814442 -0.016065 -0.00120272 -0.000276159 0.00351682 0.000443625 7.44367e-05 4.73669e-21 -3.55085e-05 1.49267e-06 -2.64283e-05 4.23416e-07 7.54628e-05 1.42294e-20
4.66003 0.085808 -0.102078 0.00779268 -0.0163068 -0.00202731 0.000100095 0.00540285 -0.000516439 -0.000217272 2.17884e-21 0.000104874 -4.54111e-06 7.74509e-05 -1.57769e-06 -0.000221276 -2.52153e-20
4.76475 0.0837222 -0.102729 0.00746401 -0.0156224 -0.00206767 -0.00065198 0.00555741 0.00131309 9.93759e-05 8.07722e-21 -4.74199e-05 1.95106e-06 -3.54902e-05 1.169e-06 0.000100464 2.524e-20
4.86947 0.0826723 -0.102313 0.00671135 -0.015397 -0.0016706 -0.000743708 0.00453662 0.00153009 0.00014795 -7.42145e-21 -7.0152e-05 3.16821e-06 -5.32421e-05 1.36146e-06 0.000149269 1.12785e-20
4.97419 0.0811291 -0.102177 0.00619633 -0.0150637 -0.00166735 -0.000934091 0.00445914 0.00195081 -0.000137194 3.02499e-21 6.48727e-05 -2.81824e-06 4.97237e-05 -1.17047e-06 -0.00013807 -1.53859e-20
5.07891 0.0806344 -0.1021 0.00526307 -0.0146677 -0.000861249 -0.000866086 0.00251024 0.00190579 -1.90349e-05 6.65463e-23 8.90762e-06 -4.68127e-07 6.96227e-06 -9.23949e-08 -1.91128e-05 -2.4155e-21
5.18363 0.0780984 -0.100668 0.00525382 -0.0148463 -0.00138289 -0.000625997 0.0036479 0.00119848 5.20038e-05 2.35336e-21 -2.45807e-05 1.16962e-06 -1.9057e-05 2.38456e-07 5.24063e-05 1.08589e-20
5.28835 0.0774041 -0.101009 0.00450928 -0.0143117 -0.000829843 -0.000829592 0.00239406 0.00168901 -0.000118325 6.68812e-21 5.56786e-05 -3.02155e-06 4.40305e-05 -4.71999e-07 -0.000118766 -9.82593e-21
5.39307 0.0766696 -0.0988698 0.00385254 -0.0147961 -0.000539341 -0.00029289 0.00156849 0.000365015 0.000131283 2.09423e-21 -6.21906e-05 3.92301e-06 -4.9255e-05 -1.83744e-07 0.00013258 1.29391e-20
5.49779 0.0741983 -0.0987155 0.00392088 -0.0143784 -0.000811258 -8.82308e-05 0.0023074 -7.55962e-05 1.54689e-05 9.62497e-22 -7.347e-06 4.73994e-07 -5.80531e-06 5.08934e-08 1.56194e-05 2.52215e-21
5.60251 0.0731613 -0.0972873 0.00341003 -0.0145488 -0.000777795 0.000211648 0.00204321 -0.000818737 5.35069e-05 -1.77868e-21 -2.55122e-05 1.64237e-06 -2.01959e-05 -8.04727e-08 5.42059e-05 3.41457e-21
5.70723 0.0698627 -0.0982602 0.00387795 -0.013698 -0.00165496 -6.25252e-05 0.00428567 -0.00025045 0.000137915 3.95928e-21 -6.62621e-05 3.67751e-06 -5.22978e-05 1.19285e-06 0.000138995 3.09409e-20
5.81195 0.0704929 -0.0970667 0.00276852 -0.0137826 -0.00112808 0.000118859 0.00291048 -0.000588928 -0.000108828 -6.96312e-21 5.20163e-05 -3.46598e-06 4.16507e-05 -3.08992e-07 -0.000109884 -2.12102e-20
5.91667 0.0677744 -0.0966213 0.00309822 -0.0134688 -0.00173754 -0.000359403 0.00440255 0.000430803 -0.000131703 1.44903e-21 6.28558e-05 -3.70256e-06 5.01742e-05 -1.12363e-06 -0.000132546 -2.28461e-20
6.02139 0.0670829 -0.0963415 0.00256158 -0.0131226 -0.00141104 -0.00041102 0.00362135 0.000634947 -3.48604e-05 -4.96233e-22 1.65267e-05 -1.04373e-06 1.33479e-05 -2.48479e-07 -3.50329e-05 -4.89622e-21
6.12611 0.0659746 -0.0961846 0.00219878 -0.0127182 -0.00114381 -0.000459221 0.00296778 0.000802059 0.000103461 -4.36473e-21 -4.88244e-05 3.08899e-06 -3.98275e-05 5.72722e-07 0.000103805 9.81536e-21
6.23083 0.0654151 -0.0957162 0.00165534 -0.0124817 -0.00100868 -0.000710951 0.00258524 0.0013874 6.70566e-05 -6.34614e-22 -3.15115e-05 1.96228e-06 -2.60031e-05 1.93706e-07 6.7164e-05 8.94629e-21
6.33555 0.063746 -0.0946437 0.0016137 -0.0124657 -0.000790058 -0.000137449 0.00206105 4.82919e-05 -1.28851e-05 7.42586e-22 6.10666e-06 -4.1239e-07 5.02515e-06 -3.03423e-08 -1.29557e-05 -1.15332e-21
6.44026 0.0625873 -0.0944579 0.00136731 -0.0120959 -0.0009522 -0.000313569 0.00240538 0.000450848 -0.000234094 -6.1487e-21 0.000110792 -7.05571e-06 9.17353e-05 -5.91431e-07 -0.000234867 -3.93108e-20
6.54498 0.0621525 -0.0936837 0.000869138 -0.0120299 -0.000929895 -0.000246708 0.00230594 0.000253098 0.000116558 2.46442e-21 -5.54544e-05 3.73153e-06 -4.6204e-05 1.50853e-07 0.000117044 1.61298e-20
6.6497 0.0606969 -0.0926676 0.000823344 -0.0119859 -0.000885072 -9.88019e-05 0.00217769 -9.72227e-05 -0.000142153 1.15993e-21 6.77509e-05 -4.62082e-06 5.64184e-05 -1.49973e-07 -0.00014295 -1.80336e-20
6.75442 0.0592707 -0.092356 0.000790705 -0.0116627 -0.00102877 -0.000224714 0.00256337 0.000161376 0.000170861 -2.5173e-21 -8.14666e-05 5.60379e-06 -6.80502e-05 7.05434e-07 0.000171527 2.21903e-20
6.85914 0.0587525 -0.0917654 0.000374693 -0.0114726 -0.000839595 -0.000228357 0.0020958 0.000224161 -0.000138771 -7.04421e-21 6.59508e-05 -4.71091e-06 5.55143e-05 -3.21425e-07 -0.000139314 -2.5582e-20
6.96386 0.0572794 -0.0911097 0.000382084 -0.0112876 -0.000901946 -9.5376e-05 0.00221706 -9.1945e-05 4.2912e-05 9.2636e-22 -2.04501e-05 1.43227e-06 -1.7207e-05 1.18002e-07 4.30976e-05 6.04646e-21
7.06858 0.0564378 -0.0910032 0.00014559 -0.0108919 -0.000818255 -0.000311379 0.0020722 0.000421089 5.25937e-05 -4.02451e-21 -2.49653e-05 1.79693e-06 -2.1195e-05 2.10513e-07 5.27003e-05 3.91521e-21
7.1733 0.0558584 -0.090607 -0.00021447 -0.0106137 -0.000467177 -0.000125015 0.00123325 8.86906e-05 -4.99652e-05 -1.74431e-21 2.36645e-05 -1.77363e-06 2.02423e-05 -6.71252e-08 -5.01024e-05 -6.75158e-21
7.27802 0.0547208 -0.089207 -0.000248753 -0.0107969 -0.000980888 0.000235697 0.00232261 -0.000803818 0.00012964 2.08012e-21 -6.20172e-05 4.58053e-06 -5.25513e-05 3.14926e-07 0.00013039 1.97189e-20
7.38274 0.0538604 -0.0890511 -0.000443298 -0.0104025 -0.000792864 -0.000239695 0.00190961 0.000327008 -3.34344e-05 -1.98934e-21 1.58223e-05 -1.10497e-06 1.3565e-05 -3.17307e-08 -3.35143e-05 -6.19718e-21
7.48746 0.0531043 -0.0885265 -0.000667551 -0.0102047 -0.000515564 1.20227e-05 0.00124203 -0.00021333 4.86211e-05 -1.89679e-21 -2.3094e-05 1.67707e-06 -1.98862e-05 -4.22275e-08 4.88042e-05 2.66538e-21
7.59218 0.0519047 -0.0870652 -0.000634001 -0.0104335 -0.00107371 0.000290968 0.00239608 -0.000963616 4.82718e-05 2.11714e-21 -2.32206e-05 1.57435e-06 -1.97961e-05 -2.87086e-08 4.85809e-05 7.47522e-21
7.6969 0.0508851 -0.0873107 -0.00070134 -0.00988442 -0.000761776 -0.000184197 0.00180418 0.000136004 7.81392e-05 1.96554e-21 -3.72653e-05 2.59839e-06 -3.21982e-05 1.09456e-07 7.83171e-05 1.23503e-20
7.80162 0.049879 -0.0867386 -0.000751837 -0.00972188 -0.000834821 7.888e-05 0.00194747 -0.000482077 -0.000188856 -7.34742e-21 9.0726e-05 -6.45921e-06 7.83148e-05 -4.54281e-07 -0.00018948 -3.48297e-20
7.90634 0.0493579 -0.0863484 -0.000978019 -0.00946115 -0.000867349 -0.000237481 0.00206153 0.000287554 -2.80644e-05 -9.74837e-22 1.33405e-05 -9.51519e-07 1.15995e-05 -8.04962e-08 -2.8099e-05 -5.07691e-21
8.01106 0.0484069 -0.0859209 -0.00104832 -0.00924327 -0.000809306 -0.000265894 0.0018864 0.00031815 -3.24761e-05 -4.35415e-22 1.55079e-05 -1.05132e-06 1.35402e-05 -4.90026e-08 -3.25012e-05 -4.75872e-21
8.11578 0.0479052 -0.0849551 -0.00123428 -0.00925656 -0.000565042 -1.18277e-05 0.00135497 -0.000204666 -6.7773e-05 2.47852e-21 3.23581e-05 -2.49837e-06 2.82769e-05 -1.40789e-07 -6.79907e-05 -4.08973e-21
8.2205 0.0467422 -0.0844713 -0.00116858 -0.00905126 -0.000836441 1.20619e-06 0.00193493 -0.000263273 -3.34828e-05 -3.34054e-22 1.60271e-05 -1.14803e-06 1.39895e-05 -9.09459e-08 -3.35623e-05 -5.66393e-21
8.32522 0.0459098 -0.0843256 -0.00123702 -0.00869767 -0.000686776 -0.00019709 0.00163124 0.00021249 2.41823e-05 -5.19149e-22 -1.15193e-05 8.1732e-07 -1.01316e-05 6.71438e-08 2.41954e-05 3.21097e-21
8.42994 0.0456294 -0.0837208 -0.00152354 -0.00858098 -0.00060152 -5.672e-05 0.00140701 -5.91652e-05 3.82457e-05 -2.21674e-21 -1.82266e-05 1.33146e-06 -1.60853e-05 4.54259e-08 3.83093e-05 1.04182e-21
8.53466 0.0448695 -0.0830002 -0.00159186 -0.00850148 -0.000591556 0.000108493 0.00133397 -0.000418051 6.3309e-05 4.37178e-22 -3.02662e-05 2.16287e-06 -2.67054e-05 -1.35648e-08 6.34817e-05 6.29325e-21
8.63938 0.0440619 -0.0825018 -0.00162282 -0.00834269 -0.000582665 2.03264e-05 0.00131367 -0.000258694 1.86678e-05 -3.30528e-23 -8.95121e-06 6.35757e-07 -7.92371e-06 5.08208e-09 1.87079e-05 2.50408e-21
8.7441 0.0433735 -0.0818431 -0.00168356 -0.00824833 -0.000627166 0.000169131 0.00140196 -0.000583285 -5.3229e-05 2.14535e-21 2.55713e-05 -1.85742e-06 2.26233e-05 -4.64081e-08 -5.33847e-05 -3.34671e-21
8.84882 0.0425155 -0.0817806 -0.00167811 -0.00789513 -0.000863741 -1.93505e-05 0.00196179 -0.00019136 0.000168834 -7.01601e-21 -8.10149e-05 5.66066e-06 -7.19446e-05 5.44154e-07 0.000168906 2.07342e-20
8.95354 0.0423979 -0.0808353 -0.00197149 -0.00794903 -0.000510266 -7.70967e-05 0.00114025 -9.26853e-06 -4.4462e-05 -3.71954e-22 2.12727e-05 -1.52593e-06 1.90052e-05 3.42205e-08 -4.45511e-05 -5.1342e-21
9.05826 0.0413542 -0.0801191 -0.00184067 -0.00788454 -0.000662486 0.000150276 0.00146483 -0.000546216 2.32634e-05 1.70552e-21 -1.11921e-05 8.09763e-07 -9.95273e-06 2.98082e-08 2.33283e-05 4.95792e-21
9.16298 0.0407778 -0.0798109 -0.00192736 -0.00764477 -0.000507775 -5.38129e-05 0.00114512 -6.11404e-05 8.5122e-06 -9.67345e-23 -4.07431e-06 2.91895e-07 -3.64855e-06 4.41507e-09 8.526e-06 9.30106e-22
9.2677 0.0399875 -0.0793687 -0.00190152 -0.00747298 -0.00055385 -3.40115e-05 0.00125437 -0.000115052 7.44515e-05 -2.51201e-21 -3.56794e-05 2.55757e-06 -3.1981e-05 1.23917e-07 7.4545e-05 7.17642e-21
9.37242 0.0395313 -0.0789564 -0.00203088 -0.00730443 -0.000491493 0.000144046 0.00108434 -0.000486555 -1.98909e-05 -2.64422e-23 9.56651e-06 -6.90485e-07 8.59027e-06 -1.37127e-08 -1.99316e-05 -2.73545e-21
9.47714 0.0389989 -0.0785406 -0.00209691 -0.00713346 -0.000511827 -4.64172e-05 0.00115662 -6.08313e-05 -1.76287e-06 1.14252e-22 8.44317e-07 -6.05597e-08 7.61515e-07 -2.02433e-09 -1.76452e-06 -6.6684e-23
9.58186 0.0384636 -0.0777555 -0.00215707 -0.00713133 -0.000446933 0.000204135 0.000963567 -0.000591281 -7.04696e-05 -1.63942e-22 3.38812e-05 -2.43952e-06 3.05032e-05 2.28825e-08 -7.06623e-05 -6.06232e-21
9.68658 0.0375517 -0.0776313 -0.00205259 -0.00682823 -0.000602195 2.06332e-05 0.00134001 -0.000214141 2.33311e-05 4.60536e-22 -1.12023e-05 7.72066e-07 -1.01173e-05 4.0902e-08 2.33421e-05 3.43881e-21
9.7913 0.037187 -0.0770576 -0.00217119 -0.00674941 -0.000514879 2.70085e-05 0.00114113 -0.000212131 -2.29882e-05 -2.07572e-22 1.10358e-05 -7.75078e-07 9.99407e-06 -2.36655e-08 -2.30103e-05 -2.29254e-21
9.89602 0.0368706 -0.0766416 -0.00231946 -0.00660634 -0.000475392 0.000114113 0.00102876 -0.000381714 2.04388e-05 2.252e-22 -9.82986e-06 6.86865e-07 -8.92447e-06 -5.62162e-09 2.04685e-05 2.04575e-21
10.0007 0.0361376 -0.0757418 -0.00224488 -0.00667246 -0.000532141 0.000279133 0.00112066 -0.000765752 -2.14676e-05 -2.51201e-23 1.03737e-05 -7.25453e-07 9.37946e-06 -1.64078e-09 -2.15247e-05 -2.88397e-21
10.1055 0.0355097 -0.0753833 -0.00222771 -0.00650213 -0.000667907 9.27999e-05 0.00143627 -0.000378996 4.15157e-05 3.91345e-21 -2.00275e-05 1.34551e-06 -1.81592e-05 4.08491e-08 4.15643e-05 9.2539e-21
10.2102 0.0349133 -0.0748973 -0.00222133 -0.00638777 -0.000576491 9.00046e-05 0.00122764 -0.000362538 3.68917e-05 -2.22203e-21 -1.78071e-05 1.18145e-06 -1.61792e-05 1.16617e-08 3.69371e-05 2.78877e-21
10.3149 0.0342134 -0.0749188 -0.00217331 -0.00604432 -0.000503028 -8.04933e-06 0.00110511 -0.000139347 5.52738e-05 -1.19431e-21 -2.66362e-05 1.77917e-06 -2.43333e-05 9.83217e-08 5.52582e-05 5.97418e-21
10.4196 0.0340501 -0.0741547 -0.002328 -0.0060936 -0.000584612 8.18125e-05 0.00126301 -0.000346712 -5.77226e-05 -2.77643e-21 2.78896e-05 -1.92705e-06 2.54556e-05 -1.07368e-07 -5.77706e-05 -1.07347e-20
10.5243 0.0334892 -0.0740613 -0.00232125 -0.00580063 -0.000469681 -0.000158471 0.00106236 0.000213609 -4.75673e-06 3.5708e-22 2.27964e-06 -1.55063e-07 2.09574e-06 -9.17952e-09 -4.75269e-06 -1.72976e-22
10.6291 0.0333582 -0.073326 -0.00249481 -0.00583852 -0.000344845 -2.41022e-05 0.000745182 -5.61592e-05 -1.53979e-05 4.02583e-22 7.40501e-06 -5.09084e-07 6.81276e-06 8.53916e-09 -1.54117e-05 -1.04072e-21
10.7338 0.0327061 -0.0729208 -0.00243101 -0.00570236 -0.000267551 6.09786e-05 0.000572156 -0.000229942 -3.72285e-05 -2.08277e-21 1.79275e-05 -1.23374e-06 1.65026e-05 1.58387e-08 -3.72686e-05 -5.72298e-21
10.8385 0.0323495 -0.0723961 -0.00248638 -0.00564164 -0.000287839 5.36349e-05 0.000613574 -0.000211917 5.39993e-05 -8.40863e-22 -2.60018e-05 1.79112e-06 -2.39625e-05 -2.88815e-08 5.40651e-05 3.43044e-21
10.9432 0.031627 -0.0717808 -0.00237238 -0.00562118 -0.000432216 0.000160663 0.000899682 -0.000487402 -4.63565e-05 -1.87828e-21 2.24724e-05 -1.51081e-06 2.06388e-05 -2.8007e-08 -4.64195e-05 -7.88243e-21
11.0479 0.0313305 -0.0716675 -0.00245735 -0.00536892 -0.000232194 0.000101539 0.000498283 -0.000307859 3.29952e-05 8.27201e-22 -1.59097e-05 1.10527e-06 -1.4704e-05 7.58033e-09 3.30288e-05 3.64594e-21
11.1527 0.0308993 -0.0709932 -0.00246126 -0.00539256 -0.000373515 0.000213653 0.000772858 -0.000577737 3.02607e-05 1.28289e-21 -1.46684e-05 1.00392e-06 -1.35173e-05 1.50578e-08 3.03089e-05 4.86229e-21
11.2574 0.0303427 -0.0707655 -0.00241509 -0.00519942 -0.000443587 0.000147337 0.000940902 -0.000437644 -4.04145e-05 -1.1423e-21 1.95644e-05 -1.30757e-06 1.80681e-05 -5.6986e-08 -4.04372e-05 -6.76921e-21
11.3621 0.0301428 -0.0702355 -0.00252128 -0.00515977 -0.000427127 0.00011774 0.000889981 -0.00035443 -9.87777e-05 -6.56296e-21 4.77649e-05 -3.09216e-06 4.42005e-05 4.85269e-08 -9.88648e-05 -1.809e-20
11.4668 0.0294263 -0.0699014 -0.00238188 -0.00502278 -0.000499811 -2.60744e-05 0.00107669 -7.51987e-05 6.01686e-05 9.97754e-22 -2.90753e-05 1.87513e-06 -2.69483e-05 1.12664e-07 6.01425e-05 1.05716e-20
11.5715 0.0294492 -0.0694476 -0.00258767 -0.00496303 -0.000271105 9.96499e-05 0.00055632 -0.000296195 1.60944e-05 -1.01075e-21 -7.78629e-06 5.17105e-07 -7.23936e-06 -1.51232e-08 1.61131e-05 2.43489e-22
11.6763 0.0287845 -0.0690218 -0.00246137 -0.00487392 -0.000411165 8.787e-05 0.000866945 -0.000297393 -1.61139e-05 7.65943e-22 7.80179e-06 -5.08973e-07 7.24457e-06 -1.51322e-08 -1.61206e-05 -1.66608e-21
11.781 0.0283535 -0.0684801 -0.00243015 -0.00484925 -0.00041819 -9.76443e-05 0.000905759 9.16038e-05 2.09915e-05 5.20031e-23 -1.01292e-05 6.59218e-07 -9.42748e-06 3.27622e-08 2.09876e-05 2.79406e-21
11.8857 0.0278957 -0.0680454 -0.00240123 -0.00476514 -0.00013017 7.02545e-05 0.000265589 -0.00022269 -1.69578e-05 2.39082e-22 8.19325e-06 -5.4446e-07 7.63278e-06 2.54473e-09 -1.69763e-05 -1.64272e-21
11.9904 0.0274912 -0.0679787 -0.00240629 -0.00453402 -0.000372538 0.000149334 0.00077529 -0.000414941 1.98789e-05 -6.5753e-22 -9.64639e-06 6.08448e-07 -8.98727e-06 1.67134e-08 1.98813e-05 2.10348e-21
12.0951 0.0272275 -0.0673465 -0.00243971 -0.00456929 -0.000325664 0.000111948 0.000674749 -0.000336608 -1.98979e-06 -2.48722e-23 9.65414e-07 -6.24237e-08 9.00052e-07 -1.57878e-09 -1.99101e-06 -2.72961e-22
12.1999 0.02689 -0.0672272 -0.00245666 -0.00436079 -0.000200198 3.07892e-05 0.000430034 -0.0001415 -2.6323e-05 -3.39342e-23 1.27359e-05 -8.39711e-07 1.19349e-05 -2.55594e-08 -2.63258e-05 -2.48777e-21
12.3046 0.0268865 -0.0666689 -0.00261841 -0.00437502 -0.000235512 0.000290971 0.000455725 -0.000679361 -3.44217e-05 2.06338e-21 1.67397e-05 -1.08947e-06 1.56472e-05 4.13964e-08 -3.44811e-05 -1.92411e-21
12.4093 0.0262576 -0.066217 -0.00247461 -0.00432173 -0.000423261 6.77598e-05 0.000885336 -0.000238377 8.11507e-05 7.98556e-22 -3.93401e-05 2.43646e-06 -3.67965e-05 5.37193e-08 8.11591e-05 1.20065e-20
12.514 0.0261622 -0.0657152 -0.00258712 -0.00431286 -0.000183997 0.000225566 0.000342487 -0.000544094 1.83564e-05 -2.07792e-22 -8.93665e-06 5.79079e-07 -8.36823e-06 -2.43617e-08 1.83903e-05 1.8785e-21
12.6187 0.0254926 -0.0655027 -0.00242752 -0.00415047 -0.000410074 0.000171725 0.000848972 -0.000458508 -3.85876e-05 3.70191e-22 1.87612e-05 -1.16875e-06 1.75559e-05 -5.10317e-08 -3.85973e-05 -5.31489e-21
12.7235 0.0253782 -0.0650541 -0.0025222 -0.00412131 -0.000367352 7.15851e-05 0.000753263 -0.000233683 5.82319e-05 1.48694e-21 -2.82815e-05 1.7172e-06 -2.65475e-05 -2.22512e-08 5.82541e-05 7.86128e-21
12.8282 0.0248008 -0.0646775 -0.00239471 -0.00404458 -0.000346839 6.25709e-05 0.000719614 -0.000223155 2.01208e-05 -1.18549e-22 -9.77572e-06 5.99793e-07 -9.17664e-06 2.08371e-08 2.01215e-05 2.66009e-21
12.9329 0.0247746 -0.0642843 -0.00252599 -0.00400086 -0.000245622 8.42571e-05 0.000492401 -0.000252076 4.19258e-05 -2.67948e-22 -2.03961e-05 1.27741e-06 -1.9194e-05 -1.41931e-08 4.19594e-05 3.68957e-21
13.0376 0.0242939 -0.0637901 -0.00243127 -0.00398564 -0.000227861 0.000165469 0.000453924 -0.00042579 -5.62235e-05 -2.71385e-21 2.73677e-05 -1.74598e-06 2.57048e-05 -3.54039e-08 -5.6285e-05 -9.45662e-21
13.1423 0.0237787 -0.0635751 -0.00233128 -0.00384276 -0.000326566 0.000143779 0.000674079 -0.000389517 5.94588e-05 -1.52484e-22 -2.89315e-05 1.78363e-06 -2.71857e-05 1.05e-07 5.94685e-05 8.26144e-21
13.247 0.0234563 -0.0633598 -0.00231955 -0.00370894 -0.000278892 0.000142479 0.000576841 -0.000376347 -8.4889e-05 -3.96634e-22 4.12965e-05 -2.5382e-06 3.88906e-05 -1.45352e-07 -8.48872e-05 -1.25142e-20
13.3518 0.023302 -0.0630703 -0.00237999 -0.00362131 -0.000360475 5.50366e-05 0.000754552 -0.000192342 9.90342e-06 7.23636e-22 -4.81104e-06 2.84814e-07 -4.54181e-06 1.18175e-08 9.89841e-06 1.81317e-21
13.4565 0.0231319 -0.0626608 -0.00242645 -0.00358881 -0.000251287 2.38362e-05 0.000521575 -0.000108314 -9.07248e-07 -1.89778e-23 4.40313e-07 -2.61748e-08 4.16624e-07 4.15645e-12 -9.07177e-07 -1.09074e-22
13.5612 0.0229873 -0.0623195 -0.00248591 -0.00353128 -0.000198778 0.000118999 0.000397567 -0.000299672 2.55834e-05 3.43749e-23 -1.24466e-05 7.54134e-07 -1.17822e-05 -1.3927e-08 2.5598e-05 2.605e-21
13.6659 0.0228183 -0.0619021 -0.00252697 -0.00351044 -0.000135459 0.000103497 0.000259757 -0.000257583 2.07845e-05 7.05126e-22 -1.01135e-05 6.1608e-07 -9.58753e-06 -2.73965e-08 2.08043e-05 2.13345e-21
13.7706 0.0221929 -0.0614546 -0.00235003 -0.00349252 -0.000365941 0.000116734 0.000740958 -0.000324946 1.3895e-05 -7.77181e-22 -6.78162e-06 3.87381e-07 -6.40504e-06 6.92062e-09 1.38953e-05 1.05174e-21
13.8754 0.0220421 -0.0613058 -0.00239967 -0.00334827 -0.000237203 -4.85535e-05 0.00049693 4.48038e-05 -6.0829e-05 1.36706e-21 2.95414e-05 -1.72441e-06 2.80755e-05 -1.0408e-08 -6.08062e-05 -5.47531e-21
13.9801 0.0218167 -0.0608867 -0.00240852 -0.00333559 -0.000191639 0.000102231 0.000379093 -0.000271149 4.74096e-05 1.56979e-21 -2.31312e-05 1.38352e-06 -2.19469e-05 1.91954e-09 4.74316e-05 7.11296e-21
14.0848 0.0214894 -0.0604608 -0.00236231 -0.00332275 -0.000217687 0.000101632 0.000433719 -0.000275221 -1.66363e-05 -4.87198e-22 8.11875e-06 -4.82158e-07 7.6987e-06 -7.18435e-09 -1.66433e-05 -2.23217e-21
14.1895 0.0213236 -0.0602203 -0.00239626 -0.00322981 -0.000119535 4.0415e-05 0.000238462 -0.000131875 4.08291e-05 2.88661e-22 -1.98874e-05 1.20784e-06 -1.89247e-05 7.42394e-09 4.08476e-05 4.14218e-21
14.2942 0.0209639 -0.0597726 -0.00233054 -0.00322912 -0.000118607 0.000137852 0.000225161 -0.000337951 -4.42669e-05 2.60897e-22 2.16041e-05 -1.30996e-06 2.05117e-05 -1.85191e-08 -4.43026e-05 -3.58557e-21
14.399 0.0207955 -0.0595121 -0.00236066 -0.00314906 -0.000216286 0.000201102 0.000424435 -0.000469426 -9.74384e-06 2.80618e-22 4.75767e-06 -2.78135e-07 4.51537e-06 -1.07255e-11 -9.75083e-06 -1.14396e-21
14.5037 0.0204765 -0.0591449 -0.00231278 -0.00311992 -0.000175382 0.000113735 0.00034373 -0.000289596 9.79193e-06 1.97766e-22 -4.78122e-06 2.79098e-07 -4.54542e-06 2.31316e-09 9.79681e-06 1.37577e-21
14.6084 0.0202006 -0.0590243 -0.0022898 -0.0029757 -0.000200322 9.94314e-05 0.000408211 -0.000258989 1.47017e-06 -9.10604e-23 -7.17139e-07 4.18565e-08 -6.83133e-07 1.55712e-09 1.47014e-06 8.34859e-23
14.7131 0.020085 -0.0585344 -0.00233233 -0.00301335 -0.000209752 0.000187232 0.000406268 -0.000437745 -1.25854e-05 1.50941e-22 6.15437e-06 -3.49979e-07 5.8524e-06 4.57165e-09 -1.2594e-05 -1.40518e-21
14.8178 0.0197092 -0.0583226 -0.00225451 -0.00291436 -0.000215361 9.28439e-05 0.000434221 -0.000245963 1.40317e-05 -2.03605e-22 -6.85206e-06 3.88032e-07 -6.53047e-06 1.02354e-08 1.40313e-05 1.47482e-21
14.9226 0.0196347 -0.0579455 -0.00231255 -0.00290723 -0.000269357 0.000155988 0.000538875 -0.000380415 -4.65224e-05 -1.05152e-21 2.27496e-05 -1.29157e-06 2.16628e-05 -2.59047e-08 -4.65377e-05 -6.98339e-21
15.0273 0.019309 -0.0576097 -0.00225178 -0.0028697 -0.000244172 8.49002e-05 0.000491765 -0.000228168 5.47024e-06 -3.04251e-22 -2.67111e-06 1.47568e-07 -2.54684e-06 1.73495e-09 5.47048e-06 3.68484e-22
15.132 0.0191793 -0.0573854 -0.00228594 -0.00279342 -0.000183057 3.31738e-05 0.000369412 -0.000116214 3.97193e-05 2.69711e-22 -1.93983e-05 1.09939e-06 -1.85506e-05 1.53483e-08 3.97219e-05 3.96325e-21
15.2367 0.0189215 -0.0571848 -0.00225782 -0.00269827 -0.000178308 8.2612e-05 0.000360184 -0.00021412 -3.77691e-05 -1.82672e-21 1.8447e-05 -1.04068e-06 1.76484e-05 -2.13325e-08 -3.77692e-05 -6.06056e-21
15.3414 0.0187867 -0.0567302 -0.00227699 -0.0027318 -0.000147889 3.61287e-05 0.000295443 -0.000111466 4.16924e-05 9.36496e-22 -2.03423e-05 1.13854e-06 -1.94733e-05 -1.0449e-08 4.17043e-05 5.1818e-21
15.4462 0.0185622 -0.0565299 -0.00226156 -0.00264191 -6.64863e-05 3.79191e-05 0.000128608 -0.000103492 -4.55315e-05 -2.04751e-21 2.22048e-05 -1.25413e-06 2.12978e-05 2.14349e-08 -4.55477e-05 -5.58813e-21
15.5509 0.0183248 -0.0560362 -0.00222822 -0.00269455 -0.000128278 0.000167639 0.000238968 -0.000380777 5.82158e-06 6.03764e-23 -2.84769e-06 1.5813e-07 -2.7204e-06 -3.16001e-09 5.82639e-06 8.40092e-22
15.6556 0.0179847 -0.0557557 -0.00215497 -0.00264727 -0.000188273 0.00012554 0.000361694 -0.000306729 -1.75996e-05 -2.36658e-22 8.62935e-06 -4.59532e-07 8.24603e-06 2.37672e-09 -1.76047e-05 -2.87669e-21
15.7603 0.0177457 -0.0557969 -0.00213209 -0.00244955 -0.000193656 7.48796e-05 0.000394762 -0.000198532 5.58606e-05 1.0762e-21 -2.73192e-05 1.48057e-06 -2.62068e-05 6.70462e-08 5.58344e-05 7.40647e-21
15.865 0.0177185 -0.0553446 -0.00219663 -0.00249457 -0.000149098 0.000102113 0.000289075 -0.000243803 -1.8026e-05 -6.12138e-22 8.82231e-06 -4.71021e-07 8.46076e-06 9.9577e-09 -1.80306e-05 -2.41616e-21
15.9698 0.0175687 -0.0551218 -0.00220706 -0.00243288 -0.000156736 7.47954e-05 0.000308819 -0.0001922 -6.28157e-05 -3.79005e-22 3.0771e-05 -1.67304e-06 2.95557e-05 -5.26153e-09 -6.28234e-05 -5.20207e-21
16.0745 0.0173255 -0.0546978 -0.00216309 -0.00245939 -0.00010593 0.000100858 0.000199861 -0.000239218 2.19642e-05 -1.42788e-22 -1.07521e-05 5.85036e-07 -1.0317e-05 -5.23726e-09 2.19745e-05 2.02129e-21
16.1792 0.017078 -0.054546 -0.00212667 -0.00236119 -0.000144012 0.000153192 0.00027935 -0.000352544 9.1647e-06 -9.0785e-23 -4.49299e-06 2.44194e-07 -4.31139e-06 5.42418e-09 9.16674e-06 9.72413e-22
16.2839 0.0169946 -0.0541989 -0.00216069 -0.00236287 -0.000180831 6.44983e-05 0.000358296 -0.000167537 3.41353e-06 -5.54736e-23 -1.67115e-06 8.70745e-08 -1.606e-06 -1.3264e-09 3.41384e-06 2.85576e-22
16.3886 0.0168242 -0.0538792 -0.00215179 -0.0023518 -0.000129718 0.000122414 0.000246141 -0.000286526 9.49565e-06 -8.37337e-23 -4.65784e-06 2.51801e-07 -4.47392e-06 -2.30752e-10 9.50047e-06 9.0135e-22
16.4934 0.0165726 -0.0536444 -0.00210418 -0.00229644 -0.000224033 6.53862e-05 0.000452066 -0.000174595 9.08502e-06 -6.61056e-23 -4.44689e-06 2.29469e-07 -4.27392e-06 3.41249e-09 9.08365e-06 1.1011e-21
16.5981 0.0164929 -0.053361 -0.0021374 -0.00227243 -0.000102839 5.01095e-06 0.000203736 -3.45409e-05 -2.95917e-05 -1.88401e-21 1.44654e-05 -7.63179e-07 1.39421e-05 1.5507e-08 -2.95981e-05 -4.17126e-21
16.7028 0.0161488 -0.0530926 -0.00204471 -0.00223438 -9.48624e-05 9.36589e-05 0.000178469 -0.000222821 -2.99055e-05 8.08251e-22 1.46635e-05 -7.73148e-07 1.41078e-05 -5.71876e-09 -2.99126e-05 -2.97034e-21
16.8075 0.0160393 -0.0529737 -0.00206638 -0.00213497 -0.000151173 1.72794e-05 0.000305608 -6.59872e-05 4.59156e-06 -2.12089e-23 -2.24779e-06 1.15053e-07 -2.16878e-06 7.58392e-10 4.59023e-06 3.99057e-22
16.9122 0.0158924 -0.0526275 -0.00206104 -0.00214553 -7.60482e-05 7.58962e-05 0.000142576 -0.000183628 2.90956e-05 -1.11057e-21 -1.42716e-05 7.62759e-07 -1.37603e-05 9.32368e-09 2.91037e-05 1.36001e-21
17.017 0.0157322 -0.0522904 -0.00204713 -0.00214859 -4.38289e-05 9.47721e-05 7.48909e-05 -0.000214065 -5.97771e-05 1.4032e-21 2.92795e-05 -1.55193e-06 2.82201e-05 1.6504e-08 -5.98092e-05 -4.07475e-21
17.1217 0.015608 -0.0521068 -0.0020596 -0.00208684 -0.00012303 0.000112355 0.000232013 -0.00026001 5.52023e-05 -1.6403e-21 -2.71315e-05 1.39182e-06 -2.61569e-05 -1.54048e-08 5.52191e-05 3.67106e-21
17.2264 0.0154094 -0.0517699 -0.00202245 -0.00209388 -8.61136e-05 9.78597e-05 0.000162348 -0.000226958 8.71197e-07 -1.88539e-23 -4.27251e-07 2.25208e-08 -4.11891e-07 2.36324e-10 8.71556e-07 8.42984e-23
17.3311 0.0152281 -0.0515403 -0.00200162 -0.00205194 -9.33911e-05 0.000146008 0.000170989 -0.000326152 -2.74662e-05 5.68508e-23 1.34949e-05 -6.98242e-07 1.30043e-05 -1.47026e-09 -2.74787e-05 -3.61818e-21
17.4358 0.0150533 -0.0512809 -0.00197993 -0.0020271 -0.000153991 0.000151341 0.000296147 -0.000343232 3.46625e-05 2.34543e-21 -1.70392e-05 8.62591e-07 -1.64126e-05 1.21744e-08 3.46712e-05 7.13764e-21
17.5406 0.0148955 -0.0511384 -0.00196813 -0.00194867 -0.000180229 6.01342e-05 0.00036257 -0.00015726 3.08411e-05 -5.5088e-22 -1.51326e-05 7.57478e-07 -1.46167e-05 2.49353e-08 3.0833e-05 2.85752e-21
17.6453 0.0147277 -0.0507098 -0.00194384 -0.00200627 -0.000146553 0.000151666 0.000276796 -0.000342737 -3.19689e-06 -1.92147e-22 1.57291e-06 -7.78199e-08 1.51503e-06 2.17007e-11 -3.19796e-06 -7.82415e-22
17.75 0.0145527 -0.0506212 -0.00192204 -0.00190395 -0.000148846 5.20407e-05 0.000298584 -0.000136961 -2.95526e-05 1.20048e-21 1.44976e-05 -7.21666e-07 1.40133e-05 -2.36964e-08 -2.95459e-05 -1.95496e-21
17.8547 0.0144539 -0.0503253 -0.00193223 -0.00190505 -0.000132947 0.000104467 0.000257446 -0.000243996 -1.81924e-05 -1.06959e-21 8.94332e-06 -4.48435e-07 8.63751e-06 -9.61766e-09 -1.81947e-05 -3.26782e-21
17.9594 0.0142787 -0.0501483 -0.00190608 -0.00184472 -0.000171922 9.43874e-06 0.000350625 -4.52342e-05 1.73156e-05 -7.04906e-22 -8.47968e-06 4.02845e-07 -8.20853e-06 3.15339e-09 1.73082e-05 9.24817e-22
18.0642 0.0141727 -0.0498934 -0.001913 -0.00182955 -0.000107506 4.61127e-05 0.000209706 -0.000117597 -5.65214e-06 1.74684e-22 2.77548e-06 -1.35434e-07 2.68728e-06 1.33088e-10 -5.65202e-06 -3.59119e-22
18.1689 0.0140502 -0.0496528 -0.00190921 -0.00180711 -7.11688e-05 0.000114382 0.000129694 -0.000255568 1.48833e-05 -1.19431e-22 -7.31962e-06 3.67872e-07 -7.08229e-06 2.75966e-09 1.48881e-05 1.46314e-21
18.2736 0.0138877 -0.0494077 -0.00188487 -0.00178576 -0.000150222 5.0589e-05 0.000298889 -0.000128445 -2.78341e-05 1.13481e-21 1.36632e-05 -6.48102e-07 1.32291e-05 -3.44529e-10 -2.78299e-05 -1.74078e-21
18.3783 0.0137911 -0.0492631 -0.00189473 -0.00172023 -3.93555e-05 -1.29777e-05 7.76805e-05 1.37336e-05 1.69939e-05 1.83994e-22 -8.32966e-06 4.089e-07 -8.09353e-06 -4.3178e-09 1.69936e-05 8.99697e-22
18.483 0.0136795 -0.0489335 -0.00189225 -0.0017443 -4.31496e-05 0.000146616 6.69164e-05 -0.000314804 -3.70431e-06 -6.62709e-23 1.82357e-06 -8.95749e-08 1.76533e-06 2.33333e-09 -3.70646e-06 -4.3525e-22
18.5878 0.0135109 -0.048651 -0.00186104 -0.00174781 -0.00016005 0.000117045 0.000309972 -0.000268358 1.73849e-05 -6.10375e-23 -8.56144e-06 4.07206e-07 -8.28107e-06 3.59122e-09 1.7387e-05 2.29805e-21
18.6925 0.0132714 -0.048472 -0.00179818 -0.0016967 -8.83264e-05 5.1178e-05 0.000169761 -0.000125867 1.39176e-05 1.93689e-22 -6.84139e-06 3.2392e-07 -6.63233e-06 2.70446e-09 1.39166e-05 1.89503e-21
18.7972 0.0133156 -0.0483452 -0.00187397 -0.00163328 -5.79304e-05 7.33622e-05 0.000105096 -0.000165374 -2.73789e-05 2.55608e-22 1.34738e-05 -6.51795e-07 1.30856e-05 1.07354e-08 -2.73859e-05 -1.72139e-21
18.9019 0.0130839 -0.0480999 -0.00180954 -0.00161916 -0.000108527 3.04146e-05 0.000215895 -8.503e-05 1.66669e-05 -5.93628e-22 -8.19273e-06 3.91394e-07 -7.95684e-06 1.02677e-08 1.66639e-05 9.97313e-22
19.0066 0.0130149 -0.0478142 -0.00182398 -0.00162935 -4.68242e-05 9.67292e-05 7.97135e-05 -0.000213635 5.04656e-05 -1.50544e-21 -2.48489e-05 1.20237e-06 -2.41114e-05 -8.6575e-09 5.04848e-05 2.87692e-21
19.1114 0.0128366 -0.0475723 -0.0017842 -0.00161908 -0.000140621 7.90167e-05 0.000276522 -0.000189817 1.15624e-05 3.85506e-22 -5.69344e-06 2.72023e-07 -5.52072e-06 1.16615e-08 1.15618e-05 2.15218e-21
19.2161 0.0127315 -0.0473529 -0.00177967 -0.00159671 -5.87047e-05 5.32732e-05 0.000111863 -0.000124229 -5.27405e-05 -1.26658e-21 2.59076e-05 -1.24011e-06 2.51607e-05 -9.28951e-09 -5.27497e-05 -7.37386e-21
19.3208 0.0125714 -0.0472348 -0.00175311 -0.00152726 -4.94176e-05 7.13305e-05 9.21474e-05 -0.000160133 2.16609e-05 9.88499e-22 -1.06516e-05 5.04926e-07 -1.03532e-05 5.43218e-09 2.16623e-05 2.96065e-21
19.4255 0.0125393 -0.0469914 -0.00178408 -0.00152384 -8.58388e-05 0.000127899 0.000158654 -0.000276732 -1.57726e-05 8.91103e-22 7.77246e-06 -3.58744e-07 7.5462e-06 7.29712e-09 -1.57769e-05 -9.38259e-22
19.5302 0.0123771 -0.0467481 -0.00174942 -0.00151859 -0.000100104 5.49435e-05 0.000193997 -0.000131109 -1.50313e-05 -3.60275e-22 7.3993e-06 -3.39445e-07 7.1919e-06 -5.69926e-10 -1.50313e-05 -2.10679e-21
19.635 0.0123547 -0.0465721 -0.00178399 -0.00148522 -4.70778e-05 5.02262e-05 8.60815e-05 -0.000114317 -1.46393e-05 1.56009e-22 7.20386e-06 -3.38223e-07 7.0127e-06 6.01619e-09 -1.46433e-05 -8.93087e-22
19.7397 0.0122406 -0.0463014 -0.0017708 -0.00149508 -5.35601e-05 9.20891e-05 9.44366e-05 -0.000199557 3.77981e-05 2.55608e-22 -1.8615e-05 8.6228e-07 -1.80973e-05 -2.63114e-08 3.78145e-05 4.00071e-21
19.8444 0.0120996 -0.0460513 -0.00174562 -0.0014971 -6.96417e-05 0.000103571 0.000123326 -0.000227353 -7.7981e-06 3.06179e-22 3.84766e-06 -1.76809e-07 3.73807e-06 3.77304e-09 -7.80138e-06 -7.94589e-22
19.9491 0.0119297 -0.0458734 -0.0017048 -0.00146268 -7.12389e-05 5.48637e-05 0.000135778 -0.000127237 3.14859e-06 2.81775e-23 -1.54947e-06 7.10893e-08 -1.50723e-06 1.5937e-10 3.14904e-06 3.74956e-22
20.0538 0.0117904 -0.0457075 -0.00168197 -0.00142506 -5.46603e-05 0.0001103 9.56877e-05 -0.000240026 4.64546e-05 -8.53644e-22 -2.29177e-05 1.04859e-06 -2.22822e-05 6.34954e-10 4.64661e-05 5.30696e-21
20.1586 0.0117343 -0.0455169 -0.00169567 -0.00140414 -0.000101114 0.000103352 0.000193351 -0.000229769 -1.34178e-05 3.71513e-22 6.61756e-06 -3.02413e-07 6.43582e-06 -4.81309e-09 -1.34197e-05 -1.18021e-21
20.2633 0.0116714 -0.0453052 -0.00170519 -0.00139185 -7.4768e-05 7.3096e-05 0.000141782 -0.000161434 -1.06379e-05 1.87299e-23 5.2382e-06 -2.35457e-07 5.10028e-06 4.58511e-09 -1.06404e-05 -9.701e-22
20.368 0.0114652 -0.0450114 -0.00164298 -0.00141776 -0.000128243 6.09517e-05 0.000249964 -0.000144398 -9.0499e-06 1.32321e-22 4.45949e-06 -1.9332e-07 4.33601e-06 -2.09811e-10 -9.04957e-06 -1.46292e-21
20.4727 0.0112631 -0.0449564 -0.00158876 -0.00132855 -5.05851e-05 3.81313e-05 9.63417e-05 -9.25251e-05 -2.13683e-05 9.08511e-22 1.05255e-05 -4.70522e-07 1.02599e-05 -1.38618e-08 -2.13646e-05 -1.29986e-21
20.5774 0.0113064 -0.0448095 -0.00164975 -0.00129254 -0.000105697 2.26292e-05 0.000211951 -6.09722e-05 -2.89975e-05 1.0513e-21 1.42697e-05 -6.21101e-07 1.39261e-05 -1.51588e-09 -2.89913e-05 -1.57089e-21
20.6822 0.011225 -0.044584 -0.00164853 -0.00129171 -4.57135e-05 8.17663e-06 8.73666e-05 -2.59799e-05 7.22656e-06 4.34479e-22 -3.55766e-06 1.56482e-07 -3.47483e-06 -3.26499e-09 7.22679e-06 7.33442e-22
20.7869 0.0110258 -0.0443993 -0.00159034 -0.00126871 -4.36227e-05 4.42195e-05 8.02251e-05 -0.000102255 3.33395e-05 2.11935e-21 -1.64396e-05 7.22786e-07 -1.60431e-05 4.66574e-09 3.33378e-05 4.67983e-21
20.8916 0.0110715 -0.044218 -0.00164996 -0.00125285 -4.54608e-05 6.29449e-05 8.24637e-05 -0.000138142 -3.56312e-05 1.3177e-21 1.75762e-05 -7.82546e-07 1.71602e-05 1.22023e-08 -3.56392e-05 -5.75559e-22
20.9963 0.0109262 -0.0439377 -0.0016131 -0.00128015 -7.34282e-05 8.74026e-05 0.000136707 -0.000192874 4.53185e-05 5.30167e-22 -2.23737e-05 9.90711e-07 -2.18054e-05 4.9383e-09 4.53281e-05 7.43556e-21
21.101 0.0108277 -0.043782 -0.0016024 -0.00124848 -2.37178e-05 6.43469e-05 3.74534e-05 -0.000140742 -5.34092e-06 2.8497e-22 2.63514e-06 -1.18025e-07 2.57203e-06 2.76939e-10 -5.34243e-06 -1.9413e-22
21.2058 0.0106641 -0.0435634 -0.00155748 -0.00124675 -9.16041e-05 9.81135e-05 0.00017452 -0.00021672 -1.80971e-05 -2.29166e-22 8.93585e-06 -3.88076e-07 8.70635e-06 -9.12859e-09 -1.80979e-05 -3.06157e-21
21.3105 0.0105798 -0.0434803 -0.00155443 -0.00118236 -8.53547e-05 1.14962e-05 0.000171052 -3.7344e-05 -1.33885e-05 3.47385e-22 6.59516e-06 -2.82034e-07 6.44738e-06 -5.56586e-09 -1.33851e-05 -5.84373e-22
21.4152 0.0105461 -0.0432313 -0.00157088 -0.00120119 -4.83924e-05 6.71386e-05 8.92925e-05 -0.000147702 6.65117e-06 1.65264e-24 -3.28127e-06 1.44245e-07 -3.20381e-06 7.91937e-10 6.65243e-06 6.56484e-22
21.5199 0.0103793 -0.0430631 -0.00152413 -0.00117696 -9.06284e-05 7.02252e-05 0.00017721 -0.000157193 1.6284e-05 -4.77062e-22 -8.03017e-06 3.40349e-07 -7.83756e-06 6.71253e-09 1.62823e-05 1.64845e-21
21.6246 0.0103721 -0.0428447 -0.00155381 -0.00118283 -1.0309e-05 4.43943e-05 1.19509e-05 -9.52536e-05 4.582e-06 -3.77904e-23 -2.2587e-06 9.71595e-08 -2.2076e-06 -3.03996e-09 4.58339e-06 3.86938e-22
21.7293 0.0101762 -0.0427361 -0.00149425 -0.00113184 -7.72103e-05 7.68319e-05 0.000148383 -0.000169829 -5.78184e-06 7.34323e-23 2.85472e-06 -1.19855e-07 2.78804e-06 -2.40897e-09 -5.78115e-06 -8.19985e-22
21.8341 0.0101614 -0.0425538 -0.00151936 -0.00112209 -7.13993e-05 3.56117e-05 0.000139713 -8.28909e-05 -1.93264e-06 -6.33512e-23 9.52881e-07 -3.9673e-08 9.3194e-07 2.12032e-10 -1.93251e-06 -2.10147e-22
21.9388 0.0100693 -0.0423349 -0.00150598 -0.00112885 -4.14405e-05 5.51369e-05 7.54286e-05 -0.000120875 -1.38005e-05 3.98507e-22 6.81055e-06 -2.86782e-07 6.65752e-06 2.8366e-09 -1.38022e-05 -1.02629e-21
22.0435 0.00996761 -0.0421232 -0.00148766 -0.00113333 -6.54177e-05 5.56799e-05 0.000123205 -0.000125327 3.36732e-06 5.51982e-23 -1.66303e-06 6.92856e-08 -1.62481e-06 9.27532e-11 3.3675e-06 4.69487e-22
22.1482 0.00988847 -0.0419994 -0.00148216 -0.0010955 -4.56592e-05 4.77282e-05 8.43739e-05 -0.000106225 1.63309e-05 4.94029e-22 -8.06298e-06 3.34995e-07 -7.88663e-06 -2.50353e-09 1.63317e-05 1.99441e-21
22.2529 0.00978688 -0.0418679 -0.00146478 -0.00106201 -4.53417e-05 3.16377e-05 8.626e-05 -7.33385e-05 2.51204e-06 9.88829e-23 -1.23973e-06 5.12783e-08 -1.21377e-06 6.54164e-11 2.51188e-06 3.05243e-22
22.3577 0.00975446 -0.0416922 -0.00147994 -0.00105309 -3.47753e-05 7.10001e-05 6.06896e-05 -0.000152441 -7.13722e-07 1.12793e-23 3.52774e-07 -1.47682e-08 3.45215e-07 1.14119e-10 -7.13837e-07 -6.94935e-23
22.4624 0.00966394 -0.0415073 -0.00146485 -0.00104815 -5.57094e-05 4.24822e-05 0.000106901 -9.70399e-05 1.18775e-05 1.58984e-22 -5.86503e-06 2.45797e-07 -5.74177e-06 3.64137e-09 1.18778e-05 1.1563e-21
22.5671 0.00963075 -0.0412854 -0.00147712 -0.00106204 -1.01601e-05 7.50911e-05 9.67049e-06 -0.000157449 -9.10751e-06 -6.40122e-23 4.49932e-06 -1.89248e-07 4.402e-06 4.85756e-09 -9.11112e-06 -8.03073e-22
22.6718 0.00944653 -0.0411771 -0.00141842 -0.00101924 -8.04253e-05 8.56227e-05 0.000154781 -0.000188305 -9.24985e-06 1.66696e-22 4.57428e-06 -1.89808e-07 4.4734e-06 -8.11929e-09 -9.24913e-06 -1.05901e-21
22.7765 0.00941772 -0.0410259 -0.00143363 -0.000999512 -7.80269e-05 2.96778e-05 0.000154454 -6.86923e-05 3.05475e-05 1.00128e-21 -1.50665e-05 5.91236e-07 -1.47624e-05 -1.16813e-08 3.05434e-05 3.57874e-21
22.8813 0.00936386 -0.0407958 -0.00143441 -0.00102149 -1.90607e-05 3.89821e-05 3.10871e-05 -8.58672e-05 -4.93088e-06 -2.60015e-23 2.43549e-06 -1.01423e-07 2.38575e-06 4.83874e-10 -4.93194e-06 -4.35305e-22
22.986 0.00925959 -0.0406654 -0.00141285 -0.000991617 -4.63781e-05 8.50461e-05 8.4646e-05 -0.000179774 7.73132e-06 9.50268e-23 -3.8207e-06 1.52924e-07 -3.7394e-06 -2.67977e-09 7.73236e-06 1.06661e-21
23.0907 0.00917019 -0.0405215 -0.00139805 -0.000971386 -6.76214e-05 1.86831e-05 0.000132411 -4.69437e-05 -1.82843e-05 1.33533e-22 9.02835e-06 -3.53155e-07 8.85161e-06 3.59623e-09 -1.82819e-05 -1.36486e-21
23.1954 0.00916093 -0.0403315 -0.00142046 -0.00097577 -8.07412e-06 4.19731e-05 7.80434e-06 -8.83854e-05 -2.65678e-05 1.08589e-21 1.31275e-05 -5.28537e-07 1.28709e-05 2.17409e-08 -2.65752e-05 -9.17766e-22
23.3001 0.00901849 -0.0401573 -0.00137842 -0.000970286 -5.35938e-05 7.01498e-05 9.75853e-05 -0.000152021 3.09202e-06 1.96471e-22 -1.53087e-06 6.04465e-08 -1.49891e-06 -4.51883e-10 3.09225e-06 5.42947e-22
23.4049 0.00898057 -0.0399842 -0.00138568 -0.00096809 -2.68162e-05 4.20478e-05 4.56464e-05 -9.35303e-05 2.45044e-06 1.82204e-22 -1.21224e-06 4.95479e-08 -1.18811e-06 2.01375e-10 2.45089e-06 4.78687e-22
23.5096 0.00888357 -0.0398853 -0.00136561 -0.000928144 -4.5434e-05 3.7146e-05 8.72173e-05 -8.54257e-05 -9.40111e-06 1.74629e-22 4.64687e-06 -1.90587e-07 4.55758e-06 -6.60435e-09 -9.40106e-06 -7.32009e-22
23.6143 0.008813 -0.039651 -0.0013549 -0.000954845 -3.81038e-05 5.18445e-05 7.01292e-05 -0.000113884 -1.556e-08 2.67263e-25 7.69041e-09 -3.11969e-10 7.53435e-09 -5.33924e-12 -1.55622e-08 -1.52815e-24
23.719 0.0087249 -0.0395939 -0.0013401 -0.000895574 -3.33037e-05 4.4439e-05 6.37488e-05 -9.74488e-05 -4.17128e-06 4.70176e-23 2.06004e-06 -8.32029e-08 2.02127e-06 -2.08037e-09 -4.17127e-06 -3.31712e-22
23.8237 0.00869683 -0.0394133 -0.00135231 -0.000899211 -4.7883e-05 6.77678e-05 8.88629e-05 -0.000144899 1.72905e-06 3.20199e-23 -8.55433e-07 3.35519e-08 -8.38761e-07 -2.45084e-10 1.72923e-06 2.05161e-22
23.9285 0.00856798 -0.0391754 -0.0013114 -0.000928911 -5.62822e-05 6.45956e-05 0.000106437 -0.000140847 -7.74791e-06 2.98191e-22 3.83092e-06 -1.50487e-07 3.75185e-06 -2.97869e-09 -7.74825e-06 -8.32049e-22
24.0332 0.00848925 -0.0391183 -0.00130055 -0.000871748 -6.30899e-05 3.13618e-05 0.000124262 -7.18931e-05 9.09843e-06 2.85796e-22 -4.49413e-06 1.70829e-07 -4.41047e-06 1.43943e-09 9.09684e-06 1.1986e-21
24.1379 0.0084365 -0.0389746 -0.00129989 -0.000858321 -3.12581e-05 3.13397e-05 5.86496e-05 -6.82722e-05 -1.86798e-05 -5.97374e-22 9.22868e-06 -3.49942e-07 9.06214e-06 6.06221e-09 -1.86791e-05 -2.37495e-21
24.2426 0.00840861 -0.0388165 -0.00131129 -0.000854428 -3.93968e-05 4.68502e-05 7.17659e-05 -0.000100997 1.30611e-05 -3.20943e-22 -6.46585e-06 2.44632e-07 -6.34754e-06 -6.03935e-09 1.30617e-05 9.97093e-22
24.3473 0.00831944 -0.0386505 -0.0012906 -0.000853122 -1.98214e-05 6.24297e-05 3.16484e-05 -0.000132821 6.38902e-08 2.75612e-24 -3.16369e-08 1.23726e-09 -3.10448e-08 5.53898e-12 6.38981e-08 9.05638e-24
24.4521 0.0082611 -0.03849 -0.00128514 -0.000850323 -5.9825e-05 5.43907e-05 0.000113984 -0.000119212 -1.0683e-05 2.68499e-22 5.28808e-06 -2.01438e-07 5.18832e-06 -1.67737e-09 -1.06829e-05 -9.831e-22
24.5568 0.00820143 -0.0383606 -0.0012801 -0.000832587 -3.56381e-05 5.7324e-05 6.411e-05 -0.000122949 2.26812e-05 1.21194e-22 -1.12326e-05 4.29374e-07 -1.10263e-05 -1.04601e-09 2.26828e-05 2.74713e-21
24.6615 0.00815059 -0.0382091 -0.00127722 -0.000827432 -5.8689e-05 5.43192e-05 0.000112962 -0.000119564 -2.45132e-05 3.90464e-22 1.21323e-05 -4.70751e-07 1.19088e-05 -1.31819e-08 -2.45133e-05 -2.51025e-21
24.7662 0.00806317 -0.0380409 -0.00125654 -0.000828653 -5.25854e-05 1.97441e-05 0.000102644 -4.76688e-05 3.02729e-06 1.42513e-22 -1.4964e-06 5.63613e-08 -1.46984e-06 5.11165e-10 3.02709e-06 4.8651e-22
24.8709 0.00801515 -0.037966 -0.00125719 -0.000786635 -4.93696e-05 1.44528e-05 9.81177e-05 -3.61478e-05 -4.34092e-07 1.57345e-24 2.14506e-07 -8.10898e-09 2.10956e-07 -1.09474e-10 -4.34043e-07 -2.95891e-23
24.9757 0.00795336 -0.0377637 -0.00124806 -0.00080684 -1.81805e-05 5.98481e-05 2.93319e-05 -0.000126033 1.71082e-05 4.21533e-22 -8.46877e-06 3.22798e-07 -8.31582e-06 -1.59121e-09 1.71109e-05 2.25266e-21
