0.0523599 -0.0540126 -0.0100234 0.0540126 0.0100234 0.00350028 0.0112021 -0.00350028 -0.0112021 3.04597e-18 0.000360114 -6.75725e-18 -0.000360114 -0.0122568 -0.000501461 0.0122568 0.000501461
0.15708 -0.0463209 -0.0219103 0.0463209 0.0219103 -0.00500182 0.0144234 0.00500182 -0.0144234 6.2544e-19 0.000405909 -3.4665e-18 -0.000405909 -0.00567734 -0.000556688 0.00567734 0.000556688
0.261799 -0.0364886 -0.0295514 0.0364886 0.0295514 -0.0076527 0.0129378 0.0076527 -0.0129378 6.63474e-19 0.000219012 -1.1546e-18 -0.000219012 -0.0022072 -0.000297642 0.0022072 0.000297642
0.366519 -0.0305869 -0.0286574 0.0305869 0.0286574 -0.00842973 0.0132716 0.00842973 -0.0132716 3.14144e-19 0.000171049 -9.96356e-19 -0.000171049 -0.00174796 -0.000237405 0.00174796 0.000237405
0.471239 -0.0271888 -0.0319995 0.0271888 0.0319995 -0.0108058 0.0112801 0.0108058 -0.0112801 -2.16449e-20 3.06323e-05 -1.41539e-19 -3.06323e-05 -0.000283484 -4.32997e-05 0.000283484 4.32997e-05
0.575959 -0.0198212 -0.0338127 0.0198212 0.0338127 -0.00964117 0.00956998 0.00964117 -0.00956998 1.17609e-19 9.19771e-05 -4.03347e-19 -9.19771e-05 -0.000809353 -0.00013317 0.000809353 0.00013317
0.680678 -0.0182773 -0.0315332 0.0182773 0.0315332 -0.00941657 0.00981011 0.00941657 -0.00981011 7.54956e-20 7.71881e-05 -2.51807e-19 -7.71881e-05 -0.000721509 -0.000115101 0.000721509 0.000115101
0.785398 -0.0165553 -0.0337204 0.0165553 0.0337204 -0.00934868 0.00879654 0.00934868 -0.00879654 2.52739e-20 3.45832e-05 -1.15009e-19 -3.45832e-05 -0.000303988 -5.27558e-05 0.000303988 5.27558e-05
0.890118 -0.0139989 -0.0334337 0.0139989 0.0334337 -0.00872593 0.00872444 0.00872593 -0.00872444 2.44483e-21 4.7823e-06 -2.52697e-20 -4.7823e-06 -4.28446e-05 -7.54508e-06 4.28446e-05 7.54508e-06
0.994838 -0.00909003 -0.0334158 0.00909003 0.0334158 -0.00757588 0.00816203 0.00757588 -0.00816203 8.15263e-21 2.97816e-05 -9.16795e-20 -2.97816e-05 -0.000278252 -4.9167e-05 0.000278252 4.9167e-05
1.09956 -0.0097975 -0.0307726 0.0097975 0.0307726 -0.00778484 0.00820906 0.00778484 -0.00820906 1.6263e-20 5.36562e-05 -1.66728e-19 -5.36562e-05 -0.00053964 -9.35107e-05 0.00053964 9.35107e-05
1.20428 -0.00728723 -0.0313466 0.00728723 0.0313466 -0.00593856 0.00739941 0.00593856 -0.00739941 1.19443e-20 -3.37408e-05 9.91851e-20 3.37408e-05 0.000338937 6.09736e-05 -0.000338937 -6.09736e-05
1.309 -0.00794173 -0.0313102 0.00794173 0.0313102 -0.00663532 0.00754296 0.00663532 -0.00754296 -1.2667e-20 -2.3488e-05 9.01424e-20 2.3488e-05 0.000237845 4.36201e-05 -0.000237845 -4.36201e-05
1.41372 -0.00547949 -0.0321151 0.00547949 0.0321151 -0.0061273 0.00582422 0.0061273 -0.00582422 4.8447e-21 1.96472e-05 -5.28268e-20 -1.96472e-05 -0.000202886 -3.81074e-05 0.000202886 3.81074e-05
1.51844 -0.00360714 -0.0284381 0.00360714 0.0284381 -0.00359294 0.00662913 0.00359294 -0.00662913 4.44412e-21 2.00807e-06 -1.48327e-21 -2.00807e-06 -2.38079e-05 -4.30083e-06 2.38079e-05 4.30083e-06
1.62316 -0.00389001 -0.0276074 0.00389001 0.0276074 -0.00349221 0.00740789 0.00349221 -0.00740789 4.18283e-21 -9.23156e-06 2.84097e-20 9.23156e-06 0.000114014 2.059e-05 -0.000114014 -2.059e-05
1.72788 -0.00515516 -0.0270211 0.00515516 0.0270211 -0.00432413 0.0070692 0.00432413 -0.0070692 5.87662e-21 1.07598e-05 -2.58574e-20 -1.07598e-05 -0.000134713 -2.47109e-05 0.000134713 2.47109e-05
1.8326 -0.00392546 -0.0269558 0.00392546 0.0269558 -0.00293221 0.00677465 0.00293221 -0.00677465 -9.63043e-21 -8.32371e-06 1.48577e-20 8.32371e-06 0.000107672 2.01203e-05 -0.000107672 -2.01203e-05
1.93732 -0.00404992 -0.025069 0.00404992 0.025069 -0.00342759 0.0071757 0.00342759 -0.0071757 -1.26606e-21 7.03995e-06 -2.17937e-20 -7.03995e-06 -0.000100009 -1.81557e-05 0.000100009 1.81557e-05
2.04204 -0.00543644 -0.0245378 0.00543644 0.0245378 -0.00388938 0.00659061 0.00388938 -0.00659061 -2.72855e-21 -1.14466e-05 2.57607e-20 1.14466e-05 0.000161552 3.02486e-05 -0.000161552 -3.02486e-05
2.14675 -0.00434607 -0.0259553 0.00434607 0.0259553 -0.00277959 0.00517873 0.00277959 -0.00517873 1.30895e-21 -9.02183e-06 2.66848e-20 9.02183e-06 0.000125483 2.45385e-05 -0.000125483 -2.45385e-05
2.25147 -0.0060963 -0.0241264 0.0060963 0.0241264 -0.00343914 0.00612416 0.00343914 -0.00612416 9.94424e-21 1.77111e-05 -5.85064e-20 -1.77111e-05 -0.000254351 -4.93176e-05 0.000254351 4.93176e-05
2.35619 -0.00454318 -0.0279223 0.00454318 0.0279223 -0.00230608 0.00344589 0.00230608 -0.00344589 2.09603e-20 -7.12755e-06 2.90765e-20 7.12755e-06 9.5002e-05 1.99756e-05 -9.5002e-05 -1.99756e-05
2.46091 -0.00312061 -0.0240702 0.00312061 0.0240702 -0.00100058 0.00509262 0.00100058 -0.00509262 1.0801e-20 3.2539e-05 -3.48255e-20 -3.2539e-05 -0.000533971 -0.000105239 0.000533971 0.000105239
2.56563 -0.00522941 -0.024983 0.00522941 0.024983 -0.00233731 0.00387184 0.00233731 -0.00387184 -8.7979e-21 -2.94482e-05 2.40109e-20 2.94482e-05 0.000441164 9.12094e-05 -0.000441164 -9.12094e-05
2.67035 -0.00321438 -0.0241723 0.00321438 0.0241723 -0.000472236 0.00367382 0.000472236 -0.00367382 -1.76583e-20 -1.2387e-05 9.60945e-21 1.2387e-05 0.000209925 4.30537e-05 -0.000209925 -4.30537e-05
2.77507 -0.00341742 -0.024212 0.00341742 0.024212 -6.87644e-05 0.00411785 6.87644e-05 -0.00411785 1.56039e-20 1.69986e-05 -7.45103e-21 -1.69986e-05 -0.00029202 -6.1081e-05 0.00029202 6.1081e-05
2.87979 -0.00339818 -0.022855 0.00339818 0.022855 -0.000482954 0.00442309 0.000482954 -0.00442309 1.88182e-23 3.24121e-06 -7.06099e-21 -3.24121e-06 -6.08866e-05 -1.24674e-05 6.08866e-05 1.24674e-05
2.98451 -0.00257959 -0.0215253 0.00257959 0.0215253 -6.03559e-05 0.00443865 6.03559e-05 -0.00443865 4.46018e-21 -2.34095e-06 1.12233e-20 2.34095e-06 5.01274e-05 1.0079e-05 -5.01274e-05 -1.0079e-05
3.08923 -0.00491231 -0.0216151 0.00491231 0.0216151 -0.000987248 0.00390205 0.000987248 -0.00390205 -5.00045e-21 2.9467e-06 -1.22273e-20 -2.9467e-06 -5.6105e-05 -1.17287e-05 5.6105e-05 1.17287e-05
3.19395 -0.00215862 -0.0213804 0.00215862 0.0213804 0.000533954 0.00353089 -0.000533954 -0.00353089 -8.78277e-22 4.13924e-06 -1.23401e-20 -4.13924e-06 -9.75286e-05 -1.99567e-05 9.75286e-05 1.99567e-05
3.29867 -0.00408635 -0.0198828 0.00408635 0.0198828 0.000139935 0.00400065 -0.000139935 -0.00400065 8.07755e-21 -8.52861e-06 3.3357e-20 8.52861e-06 0.000191062 3.94703e-05 -0.000191062 -3.94703e-05
3.40339 -0.00420252 -0.0192567 0.00420252 0.0192567 -0.000233768 0.0041467 0.000233768 -0.0041467 -1.52833e-20 9.93559e-06 -3.49707e-20 -9.93559e-06 -0.000234848 -4.82803e-05 0.000234848 4.82803e-05
3.50811 -0.00524587 -0.0193231 0.00524587 0.0193231 -0.000737296 0.00323741 0.000737296 -0.00323741 6.46681e-21 -9.19608e-06 3.14866e-20 9.19608e-06 0.000205804 4.36922e-05 -0.000205804 -4.36922e-05
3.61283 -0.00360684 -0.0188065 0.00360684 0.0188065 0.000417242 0.00340375 -0.000417242 -0.00340375 3.36845e-22 6.43519e-07 -7.10864e-22 -6.43519e-07 -1.71723e-05 -3.58961e-06 1.71723e-05 3.58961e-06
3.71755 -0.00539385 -0.0189219 0.00539385 0.0189219 -0.000208243 0.00261307 0.000208243 -0.00261307 -3.35717e-21 1.50198e-06 -5.78724e-21 -1.50198e-06 -3.52171e-05 -7.66556e-06 3.52171e-05 7.66556e-06
3.82227 -0.00409972 -0.0199002 0.00409972 0.0199002 0.000671555 0.00206191 -0.000671555 -0.00206191 3.4494e-21 -2.487e-06 7.14267e-21 2.487e-06 6.46586e-05 1.42264e-05 -6.46586e-05 -1.42264e-05
3.92699 -0.00377605 -0.0191102 0.00377605 0.0191102 0.000969901 0.00230472 -0.000969901 -0.00230472 2.20443e-21 -1.22117e-06 5.30486e-22 1.22117e-06 3.49049e-05 7.61039e-06 -3.49049e-05 -7.61039e-06
4.03171 -0.00366136 -0.0174246 0.00366136 0.0174246 0.00100164 0.00309619 -0.00100164 -0.00309619 -2.20273e-21 -6.53688e-07 -2.68333e-21 6.53688e-07 2.09904e-05 4.45523e-06 -2.09904e-05 -4.45523e-06
4.13643 -0.00319396 -0.0176142 0.00319396 0.0176142 0.000994188 0.00237584 -0.000994188 -0.00237584 -1.91731e-20 2.19866e-06 -9.14234e-21 -2.19866e-06 -7.72454e-05 -1.64046e-05 7.72454e-05 1.64046e-05
4.24115 -0.00396922 -0.0157172 0.00396922 0.0157172 0.00110238 0.00306166 -0.00110238 -0.00306166 1.18792e-21 -1.23972e-06 3.25507e-21 1.23972e-06 4.38541e-05 9.21685e-06 -4.38541e-05 -9.21685e-06
4.34587 -0.00448321 -0.0161856 0.00448321 0.0161856 0.000606585 0.00257287 -0.000606585 -0.00257287 7.55866e-21 -4.69085e-06 6.6935e-21 4.69085e-06 0.000159307 3.42874e-05 -0.000159307 -3.42874e-05
4.45059 -0.00449734 -0.0155323 0.00449734 0.0155323 0.000814488 0.00233659 -0.000814488 -0.00233659 1.08991e-21 4.40864e-07 -9.15699e-23 -4.40864e-07 -1.57215e-05 -3.38542e-06 1.57215e-05 3.38542e-06
4.55531 -0.00441647 -0.0154295 0.00441647 0.0154295 0.00116213 0.00242882 -0.00116213 -0.00242882 5.99234e-21 1.22674e-06 3.86341e-21 -1.22674e-06 -4.58701e-05 -9.9293e-06 4.58701e-05 9.9293e-06
4.66003 -0.00564773 -0.0141667 0.00564773 0.0141667 0.000157057 0.00282608 -0.000157057 -0.00282608 -2.11953e-20 -3.95033e-06 -8.14499e-21 3.95033e-06 0.000135392 2.92463e-05 -0.000135392 -2.92463e-05
4.76475 -0.0060344 -0.0153299 0.0060344 0.0153299 4.96955e-05 0.00182823 -4.96955e-05 -0.00182823 -1.45385e-21 1.87441e-06 -4.38483e-22 -1.87441e-06 -6.11487e-05 -1.37351e-05 6.11487e-05 1.37351e-05
4.86947 -0.00534863 -0.0151661 0.00534863 0.0151661 0.000480027 0.00157888 -0.000480027 -0.00157888 -1.48816e-20 2.44641e-06 -1.34087e-20 -2.44641e-06 -9.02583e-05 -2.01568e-05 9.02583e-05 2.01568e-05
4.97419 -0.00538164 -0.0152562 0.00538164 0.0152562 0.000473942 0.00127895 -0.000473942 -0.00127895 7.69088e-21 -2.19327e-06 4.704e-21 2.19327e-06 8.3219e-05 1.88145e-05 -8.3219e-05 -1.88145e-05
5.07891 -0.00397363 -0.0151508 0.00397363 0.0151508 0.00140593 0.00119373 -0.00140593 -0.00119373 -5.15277e-23 -2.2908e-07 -1.07855e-21 2.2908e-07 1.14283e-05 2.52771e-06 -1.14283e-05 -2.52771e-06
5.18363 -0.00514553 -0.014077 0.00514553 0.014077 0.000823888 0.00136569 -0.000823888 -0.00136569 1.66845e-21 7.25658e-07 1.77657e-21 -7.25658e-07 -3.12657e-05 -6.98487e-06 3.12657e-05 6.98487e-06
5.28835 -0.00420086 -0.0144638 0.00420086 0.0144638 0.001412 0.00106228 -0.001412 -0.00106228 -8.21497e-21 -1.33129e-06 -1.09476e-20 1.33129e-06 7.05564e-05 1.57186e-05 -7.05564e-05 -1.57186e-05
5.39307 -0.00354342 -0.0127294 0.00354342 0.0127294 0.00167827 0.00152488 -0.00167827 -0.00152488 -1.50302e-20 1.17589e-06 -3.42234e-21 -1.17589e-06 -7.83356e-05 -1.66883e-05 7.83356e-05 1.66883e-05
5.49779 -0.00449325 -0.0124537 0.00449325 0.0124537 0.0014209 0.00164942 -0.0014209 -0.00164942 1.0602e-21 1.65343e-07 1.91682e-21 -1.65343e-07 -9.22114e-06 -1.99619e-06 9.22114e-06 1.99619e-06
5.60251 -0.00427516 -0.0113792 0.00427516 0.0113792 0.00144453 0.00189252 -0.00144453 -0.00189252 1.54754e-21 5.16874e-07 2.52218e-21 -5.16874e-07 -3.18838e-05 -6.76281e-06 3.18838e-05 6.76281e-06
5.70723 -0.00638791 -0.0121872 0.00638791 0.0121872 0.000509012 0.00161411 -0.000509012 -0.00161411 -1.18916e-20 1.95926e-06 -1.53254e-20 -1.95926e-06 -8.22176e-05 -1.86855e-05 8.22176e-05 1.86855e-05
5.81195 -0.0048118 -0.0114176 0.0048118 0.0114176 0.000977851 0.0017398 -0.000977851 -0.0017398 4.85564e-21 -1.09621e-06 3.17791e-21 1.09621e-06 6.48553e-05 1.40239e-05 -6.48553e-05 -1.40239e-05
5.91667 -0.00632511 -0.0117537 0.00632511 0.0117537 0.000221665 0.00111037 -0.000221665 -0.00111037 -3.0796e-22 -1.72949e-06 7.00957e-22 1.72949e-06 7.79646e-05 1.76859e-05 -7.79646e-05 -1.76859e-05
6.02139 -0.00570458 -0.0117482 0.00570458 0.0117482 0.000551983 0.000954455 -0.000551983 -0.000954455 7.5414e-21 -3.91803e-07 6.52509e-21 3.91803e-07 2.05208e-05 4.6065e-06 -2.05208e-05 -4.6065e-06
6.12611 -0.00536237 -0.011801 0.00536237 0.011801 0.000863283 0.000801593 -0.000863283 -0.000801593 -6.21997e-21 1.03488e-06 -5.90544e-21 -1.03488e-06 -6.0488e-05 -1.35717e-05 6.0488e-05 1.35717e-05
6.23083 -0.00490123 -0.0118976 0.00490123 0.0118976 0.000936279 0.000472107 -0.000936279 -0.000472107 3.18214e-21 5.68577e-07 2.47553e-21 -5.68577e-07 -3.90115e-05 -8.73306e-06 3.90115e-05 8.73306e-06
6.33555 -0.00493306 -0.0107724 0.00493306 0.0107724 0.00124267 0.000983894 -0.00124267 -0.000983894 7.63906e-22 -1.0846e-07 6.29343e-22 1.0846e-07 7.48588e-06 1.64361e-06 -7.48588e-06 -1.64361e-06
6.44026 -0.0051433 -0.0109397 0.0051433 0.0109397 0.00102885 0.000765906 -0.00102885 -0.000765906 8.37638e-22 -1.98475e-06 -8.30447e-21 1.98475e-06 0.000135669 3.02092e-05 -0.000135669 -3.02092e-05
6.54498 -0.00479081 -0.0105097 0.00479081 0.0105097 0.000976529 0.000845008 -0.000976529 -0.000845008 -1.07151e-21 8.65982e-07 8.42453e-22 -8.65982e-07 -6.7692e-05 -1.48542e-05 6.7692e-05 1.48542e-05
6.6497 -0.00494781 -0.00991016 0.00494781 0.00991016 0.00100938 0.000898226 -0.00100938 -0.000898226 6.80965e-21 -1.0843e-06 1.03092e-20 1.0843e-06 8.22264e-05 1.79494e-05 -8.22264e-05 -1.79494e-05
6.75442 -0.00534343 -0.00996507 0.00534343 0.00996507 0.000802326 0.000717666 -0.000802326 -0.000717666 7.6541e-21 1.39861e-06 5.527e-21 -1.39861e-06 -9.85588e-05 -2.18286e-05 9.85588e-05 2.18286e-05
6.85914 -0.00487636 -0.00977498 0.00487636 0.00977498 0.000960549 0.000653015 -0.000960549 -0.000653015 2.49407e-21 -9.51942e-07 -3.08146e-21 9.51942e-07 7.9826e-05 1.74209e-05 -7.9826e-05 -1.74209e-05
6.96386 -0.00518701 -0.00938486 0.00518701 0.00938486 0.000898672 0.000729996 -0.000898672 -0.000729996 1.49237e-21 3.18049e-07 5.29691e-21 -3.18049e-07 -2.46226e-05 -5.39382e-06 2.46226e-05 5.39382e-06
7.06858 -0.00505272 -0.00967322 0.00505272 0.00967322 0.000933238 0.000453172 -0.000933238 -0.000453172 -6.63465e-21 3.51189e-07 -6.22475e-21 -3.51189e-07 -3.00511e-05 -6.61595e-06 3.00511e-05 6.61595e-06
7.1733 -0.00445362 -0.00940088 0.00445362 0.00940088 0.00133514 0.000580436 -0.00133514 -0.000580436 -1.94468e-21 -2.57694e-07 -5.26985e-21 2.57694e-07 2.84682e-05 6.13379e-06 -2.84682e-05 -6.13379e-06
7.27802 -0.00511318 -0.00835267 0.00511318 0.00835267 0.000723744 0.000989273 -0.000723744 -0.000989273 -6.0111e-21 8.90982e-07 -7.86843e-21 -8.90982e-07 -7.43873e-05 -1.59513e-05 7.43873e-05 1.59513e-05
7.38274 -0.00488541 -0.00893493 0.00488541 0.00893493 0.000863825 0.000380212 -0.000863825 -0.000380212 -3.80815e-22 -1.93062e-07 -5.14486e-22 1.93062e-07 1.89777e-05 4.11854e-06 -1.89777e-05 -4.11854e-06
7.48746 -0.00448681 -0.00850797 0.00448681 0.00850797 0.00119053 0.000598536 -0.00119053 -0.000598536 -1.0946e-21 2.36583e-07 2.26449e-21 -2.36583e-07 -2.75566e-05 -5.86804e-06 2.75566e-05 5.86804e-06
7.59218 -0.00523616 -0.00750973 0.00523616 0.00750973 0.00053766 0.000928629 -0.00053766 -0.000928629 4.13462e-21 3.30566e-07 -3.28611e-21 -3.30566e-07 -2.75148e-05 -5.87969e-06 2.75148e-05 5.87969e-06
7.6969 -0.00501695 -0.008291 0.00501695 0.008291 0.000821993 0.000330824 -0.000821993 -0.000330824 2.5593e-21 4.42222e-07 3.3503e-21 -4.42222e-07 -4.405e-05 -9.55787e-06 4.405e-05 9.55787e-06
7.80162 -0.00517009 -0.00781114 0.00517009 0.00781114 0.000751797 0.000606703 -0.000751797 -0.000606703 -1.34706e-20 -1.14561e-06 -1.53828e-20 1.14561e-06 0.000106704 2.30469e-05 -0.000106704 -2.30469e-05
7.90634 -0.00507487 -0.00810395 0.00507487 0.00810395 0.000614719 0.000223152 -0.000614719 -0.000223152 4.40274e-22 -1.52102e-07 1.06221e-21 1.52102e-07 1.57869e-05 3.41777e-06 -1.57869e-05 -3.41777e-06
8.01106 -0.00505805 -0.00802283 0.00505805 0.00802283 0.000679728 0.000165173 -0.000679728 -0.000165173 9.12156e-22 -1.69122e-07 -1.18304e-21 1.69122e-07 1.82048e-05 3.95918e-06 -1.82048e-05 -3.95918e-06
8.11578 -0.00465339 -0.00739329 0.00465339 0.00739329 0.000896923 0.000374115 -0.000896923 -0.000374115 2.30137e-21 -3.08402e-07 -2.83409e-21 3.08402e-07 3.79772e-05 7.99656e-06 -3.79772e-05 -7.99656e-06
8.2205 -0.0051323 -0.00724489 0.0051323 0.00724489 0.000593728 0.000380921 -0.000593728 -0.000380921 -9.19225e-22 -1.83442e-07 -2.60442e-21 1.83442e-07 1.87523e-05 4.01221e-06 -1.87523e-05 -4.01221e-06
8.32522 -0.00501099 -0.00753062 0.00501099 0.00753062 0.000727095 0.000112227 -0.000727095 -0.000112227 -5.71495e-22 1.16026e-07 9.03879e-22 -1.16026e-07 -1.34609e-05 -2.89517e-06 1.34609e-05 2.89517e-06
8.42994 -0.00466309 -0.00720828 0.00466309 0.00720828 0.000792642 0.000250814 -0.000792642 -0.000250814 -1.56702e-21 1.56781e-07 2.96915e-21 -1.56781e-07 -2.13172e-05 -4.4912e-06 2.13172e-05 4.4912e-06
8.53466 -0.00463979 -0.0067931 0.00463979 0.0067931 0.000800761 0.000397018 -0.000800761 -0.000397018 -1.6782e-21 2.64803e-07 3.76454e-21 -2.64803e-07 -3.52655e-05 -7.36329e-06 3.52655e-05 7.36329e-06
8.63938 -0.00467133 -0.00674841 0.00467133 0.00674841 0.000775218 0.000285294 -0.000775218 -0.000285294 1.36171e-21 7.66222e-08 1.65351e-21 -7.66222e-08 -1.03684e-05 -2.1732e-06 1.03684e-05 2.1732e-06
8.7441 -0.00470429 -0.00638285 0.00470429 0.00638285 0.000704415 0.000428 -0.000704415 -0.000428 -2.60013e-21 -2.28868e-07 -5.10361e-21 2.28868e-07 2.95891e-05 6.14752e-06 -2.95891e-05 -6.14752e-06
8.84882 -0.00505581 -0.00667517 0.00505581 0.00667517 0.000413236 0.000244253 -0.000413236 -0.000244253 7.94784e-21 7.79451e-07 1.84206e-20 -7.79451e-07 -9.37815e-05 -1.99113e-05 9.37815e-05 1.99113e-05
8.95354 -0.00436841 -0.00641271 0.00436841 0.00641271 0.000732124 0.000117009 -0.000732124 -0.000117009 -4.83778e-21 -1.43763e-07 -5.23129e-21 1.43763e-07 2.45627e-05 5.05562e-06 -2.45627e-05 -5.05562e-06
9.05826 -0.0047167 -0.00592106 0.0047167 0.00592106 0.000565563 0.000346321 -0.000565563 -0.000346321 7.77843e-22 9.84098e-08 2.67408e-21 -9.84098e-08 -1.28675e-05 -2.65127e-06 1.28675e-05 2.65127e-06
9.16298 -0.00451274 -0.00613729 0.00451274 0.00613729 0.000689946 8.28624e-05 -0.000689946 -8.28624e-05 -1.07387e-22 2.9428e-08 4.52656e-22 -2.9428e-08 -4.68124e-06 -9.63461e-07 4.68124e-06 9.63461e-07
9.2677 -0.00463586 -0.00602193 0.00463586 0.00602193 0.000621019 8.91075e-05 -0.000621019 -8.91075e-05 -6.14226e-21 2.72696e-07 -3.43615e-21 -2.72696e-07 -4.08975e-05 -8.43921e-06 4.08975e-05 8.43921e-06
9.37242 -0.00445704 -0.00576107 0.00445704 0.00576107 0.000696503 0.000272913 -0.000696503 -0.000272913 -1.01203e-21 -6.76151e-08 -1.34765e-21 6.76151e-08 1.09429e-05 2.22781e-06 -1.09429e-05 -2.22781e-06
9.47714 -0.00444384 -0.00589514 0.00444384 0.00589514 0.0006165 5.38928e-05 -0.0006165 -5.38928e-05 2.5257e-22 -5.46143e-09 9.87741e-23 5.46143e-09 9.66614e-07 1.97347e-07 -9.66614e-07 -1.97347e-07
9.58186 -0.00430934 -0.00537009 0.00430934 0.00537009 0.000687458 0.000294147 -0.000687458 -0.000294147 1.73166e-21 -2.25382e-07 -5.3978e-21 2.25382e-07 3.86618e-05 7.74101e-06 -3.86618e-05 -7.74101e-06
9.68658 -0.00464559 -0.00563289 0.00464559 0.00563289 0.00049521 9.66167e-05 -0.00049521 -9.66167e-05 -6.22486e-22 8.11591e-08 2.10698e-21 -8.11591e-08 -1.27649e-05 -2.61562e-06 1.27649e-05 2.61562e-06
9.7913 -0.00443101 -0.00547754 0.00443101 0.00547754 0.000555246 8.59983e-05 -0.000555246 -8.59983e-05 -2.21486e-21 -7.06205e-08 -4.19444e-21 7.06205e-08 1.25597e-05 2.5392e-06 -1.25597e-05 -2.5392e-06
9.89602 -0.00423804 -0.00531649 0.00423804 0.00531649 0.000589694 0.000178008 -0.000589694 -0.000178008 7.31964e-22 5.57585e-08 1.48291e-21 -5.57585e-08 -1.11775e-05 -2.23156e-06 1.11775e-05 2.23156e-06
10.0007 -0.0043672 -0.00481013 0.0043672 0.00481013 0.000510745 0.000333868 -0.000510745 -0.000333868 7.92479e-23 -7.26393e-08 -1.136e-21 7.26393e-08 1.1734e-05 2.32568e-06 -1.1734e-05 -2.32568e-06
10.1055 -0.00455383 -0.00495811 0.00455383 0.00495811 0.000321601 0.000138789 -0.000321601 -0.000138789 -2.1444e-21 1.44207e-07 -2.33185e-21 -1.44207e-07 -2.26341e-05 -4.54828e-06 2.26341e-05 4.54828e-06
10.2102 -0.0044704 -0.00485861 0.0044704 0.00485861 0.000405149 0.000106231 -0.000405149 -0.000106231 8.9712e-22 1.21707e-07 2.3848e-21 -1.21707e-07 -2.00523e-05 -4.00945e-06 2.00523e-05 4.00945e-06
10.3149 -0.00448127 -0.00511903 0.00448127 0.00511903 0.000478744 -1.67108e-05 -0.000478744 1.67108e-05 -1.38209e-21 1.61843e-07 3.47561e-21 -1.61843e-07 -2.99635e-05 -6.04029e-06 2.99635e-05 6.04029e-06
10.4196 -0.00437376 -0.00476334 0.00437376 0.00476334 0.000348784 9.92566e-05 -0.000348784 -9.92566e-05 -4.48722e-21 -1.72899e-07 -4.47105e-21 1.72899e-07 3.13674e-05 6.22018e-06 -3.13674e-05 -6.22018e-06
10.5243 -0.0042868 -0.00513213 0.0042868 0.00513213 0.000436441 -0.000193205 -0.000436441 0.000193205 1.33014e-22 -1.09788e-08 -4.6862e-22 1.09788e-08 2.57018e-06 5.1237e-07 -2.57018e-06 -5.1237e-07
10.6291 -0.00393578 -0.00476046 0.00393578 0.00476046 0.000553216 -6.0517e-05 -0.000553216 6.0517e-05 8.1956e-22 -2.99999e-08 5.083e-22 2.99999e-08 8.32241e-06 1.61461e-06 -8.32241e-06 -1.61461e-06
10.7338 -0.00392034 -0.00460854 0.00392034 0.00460854 0.000637685 2.12861e-06 -0.000637685 -2.12861e-06 2.55957e-21 -7.41665e-08 -1.34819e-22 7.41665e-08 2.00885e-05 3.8779e-06 -2.00885e-05 -3.8779e-06
10.8385 -0.00386797 -0.0044883 0.00386797 0.0044883 0.000585989 -6.96844e-06 -0.000585989 6.96844e-06 -4.15332e-21 1.04427e-07 -1.51017e-22 -1.04427e-07 -2.912e-05 -5.58261e-06 2.912e-05 5.58261e-06
10.9432 -0.0041268 -0.00418018 0.0041268 0.00418018 0.000427829 0.000112501 -0.000427829 -0.000112501 1.4934e-21 -1.2434e-07 -5.60897e-23 1.2434e-07 2.50081e-05 4.82648e-06 -2.50081e-05 -4.82648e-06
11.0479 -0.00382858 -0.00434742 0.00382858 0.00434742 0.000624452 2.14848e-05 -0.000624452 -2.14848e-05 -1.81202e-22 6.07594e-08 1.54852e-21 -6.07594e-08 -1.7759e-05 -3.38157e-06 1.7759e-05 3.38157e-06
11.1527 -0.00394355 -0.00400915 0.00394355 0.00400915 0.000458482 0.000156181 -0.000458482 -0.000156181 -4.04408e-21 7.16065e-08 8.69404e-22 -7.16065e-08 -1.63144e-05 -3.09676e-06 1.63144e-05 3.09676e-06
11.2574 -0.0040688 -0.00410118 0.0040688 0.00410118 0.000368352 8.49281e-05 -0.000368352 -8.49281e-05 -2.43672e-21 -9.70015e-08 -3.70098e-21 9.70015e-08 2.17624e-05 4.16885e-06 -2.17624e-05 -4.16885e-06
11.3621 -0.00391208 -0.00400889 0.00391208 0.00400889 0.000357944 4.89742e-05 -0.000357944 -4.89742e-05 1.07057e-21 -2.11052e-07 -5.17894e-21 2.11052e-07 5.31243e-05 1.00616e-05 -5.31243e-05 -1.00616e-05
11.4668 -0.00413628 -0.00411746 0.00413628 0.00411746 0.000250385 -0.000108999 -0.000250385 0.000108999 -6.19143e-21 1.4e-07 3.06074e-22 -1.4e-07 -3.22488e-05 -6.20736e-06 3.22488e-05 6.20736e-06
11.5715 -0.0036406 -0.00391021 0.0036406 0.00391021 0.000489262 8.24732e-06 -0.000489262 -8.24732e-06 -7.08988e-22 2.58324e-08 5.87848e-23 -2.58324e-08 -8.63121e-06 -1.60419e-06 8.63121e-06 1.60419e-06
11.6763 -0.00390856 -0.00383215 0.00390856 0.00383215 0.000323003 -2.53389e-06 -0.000323003 2.53389e-06 -1.62399e-21 -3.3926e-08 -1.91346e-21 3.3926e-08 8.63329e-06 1.62503e-06 -8.63329e-06 -1.62503e-06
11.781 -0.00392823 -0.00388719 0.00392823 0.00388719 0.000264312 -0.000209285 -0.000264312 0.000209285 7.8019e-23 4.17634e-08 1.98039e-21 -4.17634e-08 -1.1195e-05 -2.11249e-06 1.1195e-05 2.11249e-06
11.8857 -0.00362628 -0.0036467 0.00362628 0.0036467 0.000585054 -8.28869e-05 -0.000585054 8.28869e-05 -3.62832e-23 -2.85456e-08 -2.05651e-21 2.85456e-08 9.02195e-06 1.65969e-06 -9.02195e-06 -1.65969e-06
11.9904 -0.0038695 -0.0036516 0.0038695 0.0036516 0.000342628 4.01993e-05 -0.000342628 -4.01993e-05 -2.0043e-22 4.05168e-08 2.11371e-21 -4.05168e-08 -1.06254e-05 -1.98435e-06 1.06254e-05 1.98435e-06
12.0951 -0.00374663 -0.00350415 0.00374663 0.00350415 0.000355566 -6.65405e-06 -0.000355566 6.65405e-06 -7.74062e-23 -3.85672e-09 -1.33088e-22 3.85672e-09 1.06117e-06 1.95693e-07 -1.06117e-06 -1.95693e-07
12.1999 -0.00358834 -0.00367395 0.00358834 0.00367395 0.000475516 -0.000107377 -0.000475516 0.000107377 8.42978e-22 -3.6166e-08 -1.30549e-21 3.6166e-08 1.40085e-05 2.56885e-06 -1.40085e-05 -2.56885e-06
12.3046 -0.00340283 -0.00325448 0.00340283 0.00325448 0.000446187 0.00018371 -0.000446187 -0.00018371 -9.58618e-22 -5.28049e-08 -2.38687e-21 5.28049e-08 1.84092e-05 3.28869e-06 -1.84092e-05 -3.28869e-06
12.4093 -0.00373638 -0.00338028 0.00373638 0.00338028 0.00020213 -4.72057e-05 -0.00020213 4.72057e-05 -9.02106e-21 1.52386e-07 -7.5757e-21 -1.52386e-07 -4.32122e-05 -7.91708e-06 4.32122e-05 7.91708e-06
12.514 -0.00332044 -0.00310477 0.00332044 0.00310477 0.000458368 9.94173e-05 -0.000458368 -9.94173e-05 -7.47859e-23 2.69356e-08 7.55501e-22 -2.69356e-08 -9.77608e-06 -1.72857e-06 9.77608e-06 1.72857e-06
12.6187 -0.00371715 -0.00317405 0.00371715 0.00317405 0.000207041 5.50872e-05 -0.000207041 -5.50872e-05 -7.26644e-22 -7.68992e-08 -2.99496e-21 7.68992e-08 2.05456e-05 3.73145e-06 -2.05456e-05 -3.73145e-06
12.7235 -0.00353899 -0.0031886 0.00353899 0.0031886 0.000222889 -5.10441e-05 -0.000222889 5.10441e-05 -5.59004e-21 9.36146e-08 -2.14755e-21 -9.36146e-08 -3.09362e-05 -5.55809e-06 3.09362e-05 5.55809e-06
12.8282 -0.00362785 -0.00313596 0.00362785 0.00313596 0.000233542 -7.59094e-05 -0.000233542 7.59094e-05 -1.91625e-21 3.56012e-08 -1.07846e-21 -3.56012e-08 -1.06629e-05 -1.9232e-06 1.06629e-05 1.9232e-06
12.9329 -0.00334523 -0.00305066 0.00334523 0.00305066 0.000326912 -5.18463e-05 -0.000326912 5.18463e-05 -3.58964e-21 5.67552e-08 -5.17706e-23 -5.67552e-08 -2.22229e-05 -3.91938e-06 2.22229e-05 3.91938e-06
13.0376 -0.0033896 -0.00284522 0.0033896 0.00284522 0.000336878 1.8643e-05 -0.000336878 -1.8643e-05 3.84964e-21 -9.30362e-08 -9.33224e-22 9.30362e-08 2.97682e-05 5.22174e-06 -2.97682e-05 -5.22174e-06
13.1423 -0.00358086 -0.0028849 0.00358086 0.0028849 0.00022795 -1.99132e-06 -0.00022795 1.99132e-06 -5.20682e-21 1.10833e-07 2.42169e-21 -1.10833e-07 -3.1464e-05 -5.59719e-06 3.1464e-05 5.59719e-06
13.247 -0.00351971 -0.00291099 0.00351971 0.00291099 0.000274764 -1.0088e-05 -0.000274764 1.0088e-05 5.34393e-21 -1.42052e-07 -6.1518e-21 1.42052e-07 4.48914e-05 7.95375e-06 -4.48914e-05 -7.95375e-06
13.3518 -0.00351378 -0.00298296 0.00351378 0.00298296 0.000167266 -8.62735e-05 -0.000167266 8.62735e-05 -1.01426e-21 1.49423e-08 3.52551e-22 -1.49423e-08 -5.23601e-06 -9.28963e-07 5.23601e-06 9.28963e-07
13.4565 -0.00331495 -0.00294414 0.00331495 0.00294414 0.000264419 -0.000130928 -0.000264419 0.000130928 3.80176e-25 -1.07527e-09 -6.61235e-23 1.07527e-09 4.78651e-07 8.35638e-08 -4.78651e-07 -8.35638e-08
13.5612 -0.0031597 -0.00280198 0.0031597 0.00280198 0.000319549 -2.9515e-05 -0.000319549 2.9515e-05 1.41252e-21 2.7759e-08 2.38274e-21 -2.7759e-08 -1.35169e-05 -2.31958e-06 1.35169e-05 2.31958e-06
13.6659 -0.00301289 -0.00273722 0.00301289 0.00273722 0.000369723 -5.01992e-05 -0.000369723 5.01992e-05 2.14785e-21 1.8548e-08 1.95691e-21 -1.8548e-08 -1.09669e-05 -1.85591e-06 1.09669e-05 1.85591e-06
13.7706 -0.00340744 -0.00260532 0.00340744 0.00260532 0.000120377 -2.45086e-05 -0.000120377 2.45086e-05 -7.207e-22 2.31626e-08 8.48798e-22 -2.31626e-08 -7.32773e-06 -1.27282e-06 7.32773e-06 1.27282e-06
13.8754 -0.00320176 -0.00283799 0.00320176 0.00283799 0.000230241 -0.000207736 -0.000230241 0.000207736 4.1093e-21 -5.8264e-08 -3.0982e-21 5.8264e-08 3.19776e-05 5.50316e-06 -3.19776e-05 -5.50316e-06
13.9801 -0.00310093 -0.00259269 0.00310093 0.00259269 0.000283916 -5.12405e-05 -0.000283916 5.12405e-05 -1.74632e-21 5.24573e-08 1.30682e-21 -5.24573e-08 -2.49619e-05 -4.22494e-06 2.49619e-05 4.22494e-06
14.0848 -0.00313977 -0.00249935 0.00313977 0.00249935 0.000242676 -5.35192e-05 -0.000242676 5.35192e-05 1.08763e-21 -2.09464e-08 6.62404e-22 2.09464e-08 8.7485e-06 1.47914e-06 -8.7485e-06 -1.47914e-06
14.1895 -0.00297377 -0.00257137 0.00297377 0.00257137 0.000330583 -0.000124356 -0.000330583 0.000124356 5.34167e-22 3.47615e-08 3.57239e-21 -3.47615e-08 -2.14359e-05 -3.58042e-06 2.14359e-05 3.58042e-06
14.2942 -0.00299998 -0.00236533 0.00299998 0.00236533 0.000329951 -2.97702e-05 -0.000329951 2.97702e-05 4.00919e-21 -5.10313e-08 -5.50179e-22 5.10313e-08 2.32361e-05 3.85706e-06 -2.32361e-05 -3.85706e-06
14.399 -0.00303663 -0.00228925 0.00303663 0.00228925 0.000227132 5.01364e-05 -0.000227132 -5.01364e-05 -7.52401e-23 -1.24953e-08 -3.5485e-22 1.24953e-08 5.12645e-06 8.49796e-07 -5.12645e-06 -8.49796e-07
14.5037 -0.00301252 -0.00231461 0.00301252 0.00231461 0.000251758 -4.81881e-05 -0.000251758 4.81881e-05 1.90941e-22 1.14375e-08 6.35315e-22 -1.14375e-08 -5.13522e-06 -8.50642e-07 5.13522e-06 8.50642e-07
14.6084 -0.00303989 -0.00238916 0.00303989 0.00238916 0.00022248 -5.88586e-05 -0.00022248 5.88586e-05 -1.84229e-22 1.56136e-09 -8.81904e-23 -1.56136e-09 -7.71403e-07 -1.28193e-07 7.71403e-07 1.28193e-07
14.7131 -0.00295757 -0.00217153 0.00295757 0.00217153 0.000207662 3.56611e-05 -0.000207662 -3.56611e-05 -1.87772e-22 -1.53717e-08 -3.42121e-22 1.53717e-08 6.60793e-06 1.0816e-06 -6.60793e-06 -1.0816e-06
14.8178 -0.00302181 -0.00227966 0.00302181 0.00227966 0.000188283 -6.59542e-05 -0.000188283 6.59542e-05 3.02226e-22 1.5727e-08 1.31884e-21 -1.5727e-08 -7.35005e-06 -1.2137e-06 7.35005e-06 1.2137e-06
14.9226 -0.00297542 -0.0021396 0.00297542 0.0021396 0.000124309 1.34008e-05 -0.000124309 -1.34008e-05 -2.60287e-21 -5.69631e-08 -6.25412e-21 5.69631e-08 2.44142e-05 3.98858e-06 -2.44142e-05 -3.98858e-06
15.0273 -0.00298181 -0.00216389 0.00298181 0.00216389 0.000136159 -7.04321e-05 -0.000136159 7.04321e-05 -4.37164e-22 6.35048e-09 4.86929e-23 -6.35048e-09 -2.86186e-06 -4.6809e-07 2.86186e-06 4.6809e-07
15.132 -0.00285323 -0.00222263 0.00285323 0.00222263 0.000189142 -0.000122948 -0.000189142 0.000122948 3.84983e-21 3.35682e-08 7.7958e-21 -3.35682e-08 -2.07625e-05 -3.36299e-06 2.07625e-05 3.36299e-06
15.2367 -0.00284756 -0.00218876 0.00284756 0.00218876 0.000196295 -7.32284e-05 -0.000196295 7.32284e-05 -1.17154e-21 -3.22856e-08 -2.42422e-21 3.22856e-08 1.97574e-05 3.18929e-06 -1.97574e-05 -3.18929e-06
15.3414 -0.00275532 -0.0021255 0.00275532 0.0021255 0.000207963 -0.000124587 -0.000207963 0.000124587 2.88771e-21 3.2529e-08 4.57017e-21 -3.2529e-08 -2.17595e-05 -3.4718e-06 2.17595e-05 3.4718e-06
15.4462 -0.0026581 -0.00214306 0.0026581 0.00214306 0.00029067 -0.000131517 -0.00029067 0.000131517 3.71054e-21 -2.63515e-08 7.81422e-22 2.63515e-08 2.3744e-05 3.7523e-06 -2.3744e-05 -3.7523e-06
15.5509 -0.00270897 -0.00186994 0.00270897 0.00186994 0.000225545 6.86352e-06 -0.000225545 -6.86352e-06 -1.27321e-22 6.06461e-09 -3.56302e-23 -6.06461e-09 -3.03923e-06 -4.77088e-07 3.03923e-06 4.77088e-07
15.6556 -0.00281841 -0.00187938 0.00281841 0.00187938 0.000157631 -3.28724e-05 -0.000157631 3.28724e-05 3.6738e-22 -2.03544e-08 -8.67361e-22 2.03544e-08 9.17552e-06 1.45771e-06 -9.17552e-06 -1.45771e-06
15.7603 -0.00283237 -0.00206682 0.00283237 0.00206682 0.000150499 -8.13658e-05 -0.000150499 8.13658e-05 1.21925e-21 4.79213e-08 8.97034e-21 -4.79213e-08 -2.91448e-05 -4.65785e-06 2.91448e-05 4.65785e-06
15.865 -0.00267457 -0.00192721 0.00267457 0.00192721 0.00018601 -5.39816e-05 -0.00018601 5.39816e-05 1.32773e-21 -1.47002e-08 -1.00529e-21 1.47002e-08 9.39877e-06 1.47077e-06 -9.39877e-06 -1.47077e-06
15.9698 -0.00264175 -0.00195158 0.00264175 0.00195158 0.000170338 -7.48246e-05 -0.000170338 7.48246e-05 1.8981e-21 -4.4107e-08 -4.03338e-22 4.4107e-08 3.27543e-05 5.11028e-06 -3.27543e-05 -5.11028e-06
16.0745 -0.00259448 -0.00182511 0.00259448 0.00182511 0.000213643 -5.88183e-05 -0.000213643 5.88183e-05 7.44946e-22 1.76492e-08 1.96e-21 -1.76492e-08 -1.14312e-05 -1.76364e-06 1.14312e-05 1.76364e-06
16.1792 -0.00264379 -0.00180221 0.00264379 0.00180221 0.000178987 8.00024e-07 -0.000178987 -8.00024e-07 -1.43405e-22 8.0956e-09 7.11698e-22 -8.0956e-09 -4.77753e-06 -7.39159e-07 4.77753e-06 7.39159e-07
16.2839 -0.00261251 -0.00182823 0.00261251 0.00182823 0.000121978 -8.44907e-05 -0.000121978 8.44907e-05 -3.64305e-22 2.6288e-09 -1.23534e-22 -2.6288e-09 -1.77624e-06 -2.7409e-07 1.77624e-06 2.7409e-07
16.3886 -0.00253137 -0.00171616 0.00253137 0.00171616 0.000173149 -2.68783e-05 -0.000173149 2.68783e-05 -5.24276e-22 7.66211e-09 -1.35162e-22 -7.66211e-09 -4.94187e-06 -7.52121e-07 4.94187e-06 7.52121e-07
16.4934 -0.00265096 -0.00176185 0.00265096 0.00176185 6.40393e-05 -7.95069e-05 -6.40393e-05 7.95069e-05 2.5208e-23 7.95709e-09 8.73126e-22 -7.95709e-09 -4.72397e-06 -7.28069e-07 4.72397e-06 7.28069e-07
16.5981 -0.00245906 -0.00179549 0.00245906 0.00179549 0.00017716 -0.000150796 -0.00017716 0.000150796 2.38976e-21 -1.5666e-08 -8.32404e-22 1.5666e-08 1.53502e-05 2.31999e-06 -1.53502e-05 -2.31999e-06
16.7028 -0.00251328 -0.00167351 0.00251328 0.00167351 0.000192488 -6.46364e-05 -0.000192488 6.46364e-05 7.02381e-22 -2.31645e-08 -1.63081e-21 2.31645e-08 1.55174e-05 2.34648e-06 -1.55174e-05 -2.34648e-06
16.8075 -0.00252595 -0.00179746 0.00252595 0.00179746 0.000125417 -0.000132891 -0.000125417 0.000132891 6.5533e-23 2.61749e-09 5.90121e-22 -2.61749e-09 -2.38264e-06 -3.62154e-07 2.38264e-06 3.62154e-07
16.9122 -0.00241535 -0.00166925 0.00241535 0.00166925 0.000200579 -7.72879e-05 -0.000200579 7.72879e-05 2.91623e-21 1.74445e-08 4.87508e-21 -1.74445e-08 -1.50942e-05 -2.25309e-06 1.50942e-05 2.25309e-06
17.017 -0.00236035 -0.00158866 0.00236035 0.00158866 0.000226454 -6.35731e-05 -0.000226454 6.35731e-05 4.10892e-21 -3.77023e-08 3.57422e-21 3.77023e-08 3.09788e-05 4.57148e-06 -3.09788e-05 -4.57148e-06
17.1217 -0.00240014 -0.00157696 0.00240014 0.00157696 0.000146581 -3.11645e-05 -0.000146581 3.11645e-05 1.98258e-21 3.76427e-08 4.93049e-21 -3.76427e-08 -2.86563e-05 -4.24785e-06 2.86563e-05 4.24785e-06
17.2264 -0.00236625 -0.00152696 0.00236625 0.00152696 0.000172313 -5.21001e-05 -0.000172313 5.21001e-05 3.27677e-23 6.05095e-10 5.98267e-23 -6.05095e-10 -4.51425e-07 -6.63562e-08 4.51425e-07 6.63562e-08
17.3311 -0.00236375 -0.00146439 0.00236375 0.00146439 0.000167532 -1.27767e-06 -0.000167532 1.27767e-06 -3.4922e-23 -2.11878e-08 -1.09012e-21 2.11878e-08 1.42419e-05 2.08631e-06 -1.42419e-05 -2.08631e-06
17.4358 -0.0024175 -0.0014272 0.0024175 0.0014272 0.000100185 1.09677e-05 -0.000100185 -1.09677e-05 3.5567e-21 3.05953e-08 5.94801e-21 -3.05953e-08 -1.79772e-05 -2.6429e-06 1.79772e-05 2.6429e-06
17.5406 -0.00243421 -0.00154946 0.00243421 0.00154946 6.25403e-05 -7.80482e-05 -6.25403e-05 7.80482e-05 -1.84128e-21 2.1126e-08 2.79124e-21 -2.1126e-08 -1.59773e-05 -2.36274e-06 1.59773e-05 2.36274e-06
17.6453 -0.00238253 -0.00134153 0.00238253 0.00134153 9.72268e-05 1.06774e-05 -9.72268e-05 -1.06774e-05 -2.34194e-22 -2.98663e-09 -5.16528e-22 2.98663e-09 1.65549e-06 2.41184e-07 -1.65549e-06 -2.41184e-07
17.75 -0.00238799 -0.00149961 0.00238799 0.00149961 8.47098e-05 -8.99098e-05 -8.47098e-05 8.99098e-05 3.03712e-21 -1.95975e-08 -1.45598e-21 1.95975e-08 1.52845e-05 2.23908e-06 -1.52845e-05 -2.23908e-06
17.8547 -0.00232588 -0.00139622 0.00232588 0.00139622 0.000100415 -3.41231e-05 -0.000100415 3.41231e-05 -1.46447e-21 -1.32993e-08 -2.73573e-21 1.32993e-08 9.41416e-06 1.36218e-06 -9.41416e-06 -1.36218e-06
17.9594 -0.00236988 -0.00150504 0.00236988 0.00150504 4.79865e-05 -0.000130895 -4.79865e-05 0.000130895 -9.53094e-22 1.02105e-08 1.66396e-21 -1.02105e-08 -8.94358e-06 -1.30465e-06 8.94358e-06 1.30465e-06
18.0642 -0.00226389 -0.00143834 0.00226389 0.00143834 0.000115106 -9.51332e-05 -0.000115106 9.51332e-05 1.73291e-22 -3.06603e-09 -5.94684e-22 3.06603e-09 2.91945e-06 4.19279e-07 -2.91945e-06 -4.19279e-07
18.1689 -0.00219772 -0.00134557 0.00219772 0.00134557 0.000154449 -2.56982e-05 -0.000154449 2.56982e-05 -1.62617e-22 8.80758e-09 1.4275e-21 -8.80758e-09 -7.69493e-06 -1.09018e-06 7.69493e-06 1.09018e-06
18.2736 -0.00227718 -0.00138246 0.00227718 0.00138246 6.19892e-05 -8.52114e-05 -6.19892e-05 8.52114e-05 5.05282e-22 -1.71022e-08 -2.52791e-21 1.71022e-08 1.43724e-05 2.05725e-06 -1.43724e-05 -2.05725e-06
18.3783 -0.00212943 -0.00147647 0.00212943 0.00147647 0.00016955 -0.00015791 -0.00016955 0.00015791 3.64918e-23 4.27485e-09 1.0498e-21 -4.27485e-09 -8.75937e-06 -1.23452e-06 8.75937e-06 1.23452e-06
18.483 -0.0020962 -0.00124195 0.0020962 0.00124195 0.000174335 8.26412e-06 -0.000174335 -8.26412e-06 2.49221e-22 -2.15446e-09 -1.45642e-24 2.15446e-09 1.91415e-06 2.65634e-07 -1.91415e-06 -2.65634e-07
18.5878 -0.00221915 -0.00121794 0.00221915 0.00121794 4.49109e-05 -1.01595e-05 -4.49109e-05 1.01595e-05 -5.26135e-23 1.3224e-08 1.86093e-21 -1.3224e-08 -8.98048e-06 -1.26373e-06 8.98048e-06 1.26373e-06
18.6925 -0.00218722 -0.00129348 0.00218722 0.00129348 0.00011214 -8.86733e-05 -0.00011214 8.86733e-05 -8.98752e-23 8.0347e-09 6.05283e-22 -8.0347e-09 -7.16905e-06 -1.00721e-06 7.16905e-06 1.00721e-06
18.7972 -0.00205115 -0.00130295 0.00205115 0.00130295 0.000144418 -5.91796e-05 -0.000144418 5.91796e-05 7.86794e-22 -1.02529e-08 -1.42578e-21 1.02529e-08 1.41298e-05 1.94871e-06 -1.41298e-05 -1.94871e-06
18.9019 -0.00214302 -0.00131295 0.00214302 0.00131295 8.34821e-05 -0.00010106 -8.34821e-05 0.00010106 -5.35094e-23 7.60688e-09 1.54766e-21 -7.60688e-09 -8.58865e-06 -1.19783e-06 8.58865e-06 1.19783e-06
19.0066 -0.00203088 -0.00119708 0.00203088 0.00119708 0.000147927 -3.65615e-05 -0.000147927 3.65615e-05 -8.13953e-21 2.49908e-08 -5.61506e-21 -2.49908e-08 -2.60138e-05 -3.55224e-06 2.60138e-05 3.55224e-06
19.1114 -0.00214084 -0.00117924 0.00214084 0.00117924 4.45921e-05 -4.53812e-05 -4.45921e-05 4.53812e-05 -4.06136e-22 7.47096e-09 7.16298e-22 -7.47096e-09 -5.95944e-06 -8.24198e-07 5.95944e-06 8.24198e-07
19.2161 -0.00203446 -0.00119265 0.00203446 0.00119265 0.000122402 -8.0391e-05 -0.000122402 8.0391e-05 6.687e-21 -2.51419e-08 2.73873e-21 2.51419e-08 2.71356e-05 3.69434e-06 -2.71356e-05 -3.69434e-06
19.3208 -0.00202887 -0.00120602 0.00202887 0.00120602 0.000135236 -6.20505e-05 -0.000135236 6.20505e-05 -3.3283e-22 9.37614e-09 9.67081e-22 -9.37614e-09 -1.11517e-05 -1.51694e-06 1.11517e-05 1.51694e-06
19.4255 -0.00200321 -0.00111506 0.00200321 0.00111506 9.89468e-05 3.41909e-06 -9.89468e-05 -3.41909e-06 -6.25538e-22 -8.52876e-09 -7.57314e-22 8.52876e-09 8.13321e-06 1.09703e-06 -8.13321e-06 -1.09703e-06
19.5302 -0.0020284 -0.0011549 0.0020284 0.0011549 7.35515e-05 -7.02762e-05 -7.35515e-05 7.02762e-05 -6.89744e-22 -7.35573e-09 -2.14696e-21 7.35573e-09 7.73361e-06 1.04793e-06 -7.73361e-06 -1.04793e-06
19.635 -0.00191249 -0.00116319 0.00191249 0.00116319 0.000124832 -7.52364e-05 -0.000124832 7.52364e-05 -8.63018e-22 -4.69873e-09 -1.44715e-21 4.69873e-09 7.53212e-06 1.00289e-06 -7.53212e-06 -1.00289e-06
19.7397 -0.00190204 -0.00107269 0.00190204 0.00107269 0.000116876 -3.17248e-05 -0.000116876 3.17248e-05 -3.34295e-21 1.69572e-08 -4.49683e-22 -1.69572e-08 -1.94504e-05 -2.57169e-06 1.94504e-05 2.57169e-06
19.8444 -0.00191617 -0.0010207 0.00191617 0.0010207 9.8365e-05 -1.7648e-05 -9.8365e-05 1.7648e-05 5.71316e-22 -4.2186e-09 2.31904e-22 4.2186e-09 4.01146e-06 5.30066e-07 -4.01146e-06 -5.30066e-07
19.9491 -0.00193735 -0.0010685 0.00193735 0.0010685 8.9067e-05 -6.89554e-05 -8.9067e-05 6.89554e-05 -3.21381e-23 1.48511e-09 1.82366e-22 -1.48511e-09 -1.61728e-06 -2.14392e-07 1.61728e-06 2.14392e-07
20.0538 -0.00191782 -0.00101528 0.00191782 0.00101528 0.000111264 -1.28259e-05 -0.000111264 1.28259e-05 -4.6532e-21 2.447e-08 -2.00434e-21 -2.447e-08 -2.3886e-05 -3.14819e-06 2.3886e-05 3.14819e-06
20.1586 -0.00192605 -0.00101041 0.00192605 0.00101041 5.9032e-05 -1.1927e-05 -5.9032e-05 1.1927e-05 -1.22695e-22 -7.14132e-09 -6.64876e-22 7.14132e-09 6.90321e-06 9.0928e-07 -6.90321e-06 -9.0928e-07
20.2633 -0.00186412 -0.00102326 0.00186412 0.00102326 7.97431e-05 -4.43988e-05 -7.97431e-05 4.43988e-05 5.48713e-22 -4.5154e-09 -2.58915e-22 4.5154e-09 5.46663e-06 7.12773e-07 -5.46663e-06 -7.12773e-07
20.368 -0.00195517 -0.000969123 0.00195517 0.000969123 1.93004e-05 -5.49549e-05 -1.93004e-05 5.49549e-05 1.13453e-22 -5.53426e-09 -6.94693e-22 5.53426e-09 4.64353e-06 6.12062e-07 -4.64353e-06 -6.12062e-07
20.4727 -0.00191362 -0.00105188 0.00191362 0.00105188 0.000100303 -8.61994e-05 -0.000100303 8.61994e-05 5.91033e-22 -8.73569e-09 -2.04912e-21 8.73569e-09 1.09556e-05 1.43931e-06 -1.09556e-05 -1.43931e-06
20.5774 -0.00188408 -0.00107715 0.00188408 0.00107715 3.94759e-05 -9.09932e-05 -3.94759e-05 9.09932e-05 1.32924e-21 -9.24354e-09 -1.59065e-21 9.24354e-09 1.48865e-05 1.94585e-06 -1.48865e-05 -1.94585e-06
20.6822 -0.00179837 -0.00106427 0.00179837 0.00106427 9.72023e-05 -0.00010968 -9.72023e-05 0.00010968 -4.55464e-22 1.65942e-09 3.24917e-22 -1.65942e-09 -3.70492e-06 -4.77354e-07 3.70492e-06 4.77354e-07
20.7869 -0.00183134 -0.00101617 0.00183134 0.00101617 0.000101615 -7.47199e-05 -0.000101615 7.47199e-05 -3.47537e-22 1.13121e-08 3.86419e-21 -1.13121e-08 -1.7094e-05 -2.20727e-06 1.7094e-05 2.20727e-06
20.8916 -0.00174651 -0.000988838 0.00174651 0.000988838 9.7714e-05 -4.88843e-05 -9.7714e-05 4.88843e-05 1.36181e-21 -9.90446e-09 -1.1874e-21 9.90446e-09 1.82929e-05 2.32369e-06 -1.82929e-05 -2.32369e-06
20.9963 -0.00178476 -0.000902206 0.00178476 0.000902206 6.58664e-05 -2.22636e-05 -6.58664e-05 2.22636e-05 7.13692e-22 2.08795e-08 2.58214e-22 -2.08795e-08 -2.3255e-05 -2.95634e-06 2.3255e-05 2.95634e-06
21.101 -0.00172322 -0.000930969 0.00172322 0.000930969 0.000113775 -4.92749e-05 -0.000113775 4.92749e-05 4.04895e-23 -1.76317e-09 -7.01825e-23 1.76317e-09 2.73802e-06 3.44708e-07 -2.73802e-06 -3.44708e-07
21.2058 -0.00181341 -0.000863811 0.00181341 0.000863811 4.38543e-05 -1.03138e-05 -4.38543e-05 1.03138e-05 -2.2326e-22 -9.74483e-09 -1.73445e-21 9.74483e-09 9.28219e-06 1.18055e-06 -9.28219e-06 -1.18055e-06
21.3105 -0.0017938 -0.00099157 0.0017938 0.00099157 4.37087e-05 -9.78342e-05 -4.37087e-05 9.78342e-05 -1.09676e-21 -3.79509e-09 -2.88408e-21 3.79509e-09 6.85794e-06 8.73886e-07 -6.85794e-06 -8.73886e-07
21.4152 -0.00171091 -0.000890559 0.00171091 0.000890559 8.16341e-05 -4.12636e-05 -8.16341e-05 4.12636e-05 -4.11274e-22 2.36591e-09 -2.01249e-22 -2.36591e-09 -3.40879e-06 -4.25794e-07 3.40879e-06 4.25794e-07
21.5199 -0.00178018 -0.000880376 0.00178018 0.000880376 3.71314e-05 -3.65689e-05 -3.71314e-05 3.65689e-05 -8.49646e-22 7.17882e-09 1.23412e-21 -7.17882e-09 -8.34461e-06 -1.05255e-06 8.34461e-06 1.05255e-06
21.6246 -0.00164355 -0.000879688 0.00164355 0.000879688 0.000114173 -6.69837e-05 -0.000114173 6.69837e-05 -3.07539e-23 1.28132e-09 4.10028e-22 -1.28132e-09 -2.34444e-06 -2.8872e-07 2.34444e-06 2.8872e-07
21.7293 -0.00175297 -0.000866082 0.00175297 0.000866082 4.95083e-05 -2.92857e-05 -4.95083e-05 2.92857e-05 8.49732e-22 -2.40227e-09 4.0567e-22 2.40227e-09 2.96233e-06 3.71142e-07 -2.96233e-06 -3.71142e-07
21.8341 -0.00169966 -0.000895092 0.00169966 0.000895092 4.89933e-05 -6.90068e-05 -4.89933e-05 6.90068e-05 1.56387e-22 -5.71675e-10 -2.32028e-23 5.71675e-10 9.89319e-07 1.22841e-07 -9.89319e-07 -1.22841e-07
21.9388 -0.00165822 -0.000843001 0.00165822 0.000843001 7.84245e-05 -5.09293e-05 -7.84245e-05 5.09293e-05 -4.9065e-22 -4.58107e-09 -1.32553e-21 4.58107e-09 7.06131e-06 8.67479e-07 -7.06131e-06 -8.67479e-07
22.0435 -0.00167819 -0.0008108 0.00167819 0.0008108 5.12099e-05 -4.76415e-05 -5.12099e-05 4.76415e-05 2.77977e-22 1.35035e-09 4.2036e-22 -1.35035e-09 -1.72231e-06 -2.11826e-07 1.72231e-06 2.11826e-07
22.1482 -0.00164403 -0.000834038 0.00164403 0.000834038 7.05502e-05 -5.6259e-05 -7.05502e-05 5.6259e-05 1.11694e-21 5.12559e-09 2.33319e-21 -5.12559e-09 -8.35232e-06 -1.02112e-06 8.35232e-06 1.02112e-06
22.2529 -0.00164216 -0.000859831 0.00164216 0.000859831 6.89977e-05 -7.20509e-05 -6.89977e-05 7.20509e-05 1.74875e-22 6.46823e-10 4.52679e-22 -6.46823e-10 -1.28441e-06 -1.57001e-07 1.28441e-06 1.57001e-07
22.3577 -0.00159254 -0.000806877 0.00159254 0.000806877 8.10461e-05 -2.97416e-05 -8.10461e-05 2.97416e-05 -1.62961e-23 -2.05802e-10 -6.30615e-23 2.05802e-10 3.65299e-07 4.40926e-08 -3.65299e-07 -4.40926e-08
22.4624 -0.00160861 -0.000816101 0.00160861 0.000816101 5.43227e-05 -5.61657e-05 -5.43227e-05 5.61657e-05 5.16819e-22 3.33389e-09 1.08264e-21 -3.33389e-09 -6.07409e-06 -7.34572e-07 6.07409e-06 7.34572e-07
22.5671 -0.00152491 -0.000748255 0.00152491 0.000748255 0.000100065 -2.54036e-05 -0.000100065 2.54036e-05 -7.332e-23 -2.75236e-09 -3.87781e-22 2.75236e-09 4.65687e-06 5.51899e-07 -4.65687e-06 -5.51899e-07
22.6718 -0.00163858 -0.000752205 0.00163858 0.000752205 2.96638e-05 -9.62604e-06 -2.96638e-05 9.62604e-06 7.76375e-22 -3.78088e-09 3.99752e-23 3.78088e-09 4.73369e-06 5.72511e-07 -4.73369e-06 -5.72511e-07
22.7765 -0.00160209 -0.000808906 0.00160209 0.000808906 2.58763e-05 -6.64991e-05 -2.58763e-05 6.64991e-05 -2.32194e-21 7.96905e-09 1.45145e-21 -7.96905e-09 -1.56114e-05 -1.8783e-06 1.56114e-05 1.8783e-06
22.8813 -0.00151753 -0.000757171 0.00151753 0.000757171 8.35213e-05 -5.91349e-05 -8.35213e-05 5.91349e-05 -1.4238e-22 -1.25575e-09 -4.70817e-22 1.25575e-09 2.51774e-06 2.97158e-07 -2.51774e-06 -2.97158e-07
22.986 -0.00154709 -0.000716895 0.00154709 0.000716895 5.87768e-05 -1.07005e-05 -5.87768e-05 1.07005e-05 -9.53899e-22 2.70315e-09 -1.38715e-22 -2.70315e-09 -3.9529e-06 -4.67504e-07 3.9529e-06 4.67504e-07
23.0907 -0.00156681 -0.000782616 0.00156681 0.000782616 3.12754e-05 -7.57854e-05 -3.12754e-05 7.57854e-05 5.7464e-22 -4.49223e-09 -2.19063e-21 4.49223e-09 9.33413e-06 1.1114e-06 -9.33413e-06 -1.1114e-06
23.1954 -0.00146083 -0.000737446 0.00146083 0.000737446 9.139e-05 -5.41733e-05 -9.139e-05 5.41733e-05 2.81989e-21 -5.50628e-09 2.23009e-21 5.50628e-09 1.35624e-05 1.5766e-06 -1.35624e-05 -1.5766e-06
23.3001 -0.00152943 -0.000689051 0.00152943 0.000689051 4.61589e-05 -2.23378e-05 -4.61589e-05 2.23378e-05 -2.25221e-22 1.10561e-09 7.42678e-23 -1.10561e-09 -1.57916e-06 -1.8549e-07 1.57916e-06 1.8549e-07
23.4049 -0.0014752 -0.000701482 0.0014752 0.000701482 6.85799e-05 -5.05901e-05 -6.85799e-05 5.05901e-05 2.11386e-23 6.65598e-10 3.66733e-22 -6.65598e-10 -1.25027e-06 -1.45197e-07 1.25027e-06 1.45197e-07
23.5096 -0.0014978 -0.000725735 0.0014978 0.000725735 4.87213e-05 -5.34145e-05 -4.87213e-05 5.34145e-05 3.60922e-22 -2.29973e-09 -6.80491e-22 2.29973e-09 4.79872e-06 5.59525e-07 -4.79872e-06 -5.59525e-07
23.6143 -0.0014786 -0.000663197 0.0014786 0.000663197 5.3384e-05 -3.92551e-05 -5.3384e-05 3.92551e-05 2.55322e-24 -5.12047e-12 7.45621e-25 5.12047e-12 7.93646e-09 9.17539e-10 -7.93646e-09 -9.17539e-10
23.719 -0.00147374 -0.000711699 0.00147374 0.000711699 5.9004e-05 -4.6549e-05 -5.9004e-05 4.6549e-05 2.2072e-22 -9.61663e-10 -2.64073e-22 9.61663e-10 2.12877e-06 2.46149e-07 -2.12877e-06 -2.46149e-07
23.8237 -0.00145521 -0.000665703 0.00145521 0.000665703 4.45453e-05 -1.9802e-05 -4.45453e-05 1.9802e-05 -1.43763e-22 4.95945e-10 -7.50828e-23 -4.95945e-10 -8.82861e-07 -1.01419e-07 8.82861e-07 1.01419e-07
23.9285 -0.00148415 -0.000616392 0.00148415 0.000616392 3.15025e-05 -2.38236e-05 -3.15025e-05 2.38236e-05 7.67863e-22 -3.08007e-09 2.17028e-22 3.08007e-09 3.95036e-06 4.54606e-07 -3.95036e-06 -4.54606e-07
24.0332 -0.00148819 -0.000689851 0.00148819 0.000689851 2.37165e-05 -5.6702e-05 -2.37165e-05 5.6702e-05 -6.54147e-22 2.39473e-09 8.71078e-22 -2.39473e-09 -4.63869e-06 -5.35874e-07 4.63869e-06 5.35874e-07
24.1379 -0.00143814 -0.000686647 0.00143814 0.000686647 5.54644e-05 -5.83061e-05 -5.54644e-05 5.83061e-05 -1.18464e-21 -3.95178e-09 -2.75294e-21 3.95178e-09 9.52045e-06 1.08748e-06 -9.52045e-06 -1.08748e-06
24.2426 -0.00141547 -0.000657649 0.00141547 0.000657649 4.75352e-05 -3.92369e-05 -4.75352e-05 3.92369e-05 4.27401e-22 3.05918e-09 1.29445e-21 -3.05918e-09 -6.66044e-06 -7.55852e-07 6.66044e-06 7.55852e-07
24.3473 -0.00139748 -0.000624758 0.00139748 0.000624758 6.65562e-05 -2.43394e-05 -6.65562e-05 2.43394e-05 7.2378e-24 1.71804e-11 9.25806e-24 -1.71804e-11 -3.2575e-08 -3.67085e-09 3.2575e-08 3.67085e-09
24.4521 -0.00142563 -0.000616908 0.00142563 0.000616908 2.31857e-05 -2.85462e-05 -2.31857e-05 2.85462e-05 1.82447e-22 -3.25561e-09 -4.80551e-22 3.25561e-09 5.44636e-06 6.16392e-07 -5.44636e-06 -6.16392e-07
24.5568 -0.00138881 -0.000615611 0.00138881 0.000615611 4.77185e-05 -2.64696e-05 -4.77185e-05 2.64696e-05 -3.20368e-21 5.9925e-09 -2.02356e-21 -5.9925e-09 -1.15623e-05 -1.29721e-06 1.15623e-05 1.29721e-06
24.6615 -0.00139737 -0.000606343 0.00139737 0.000606343 2.15798e-05 -2.60206e-05 -2.15798e-05 2.60206e-05 1.34863e-21 -6.94328e-09 -1.06931e-21 6.94328e-09 1.24976e-05 1.40156e-06 -1.24976e-05 -1.40156e-06
24.7662 -0.00139521 -0.000622538 0.00139521 0.000622538 2.35477e-05 -6.26045e-05 -2.35477e-05 6.26045e-05 9.11952e-23 7.43474e-10 3.52749e-22 -7.43474e-10 -1.54083e-06 -1.72704e-07 1.54083e-06 1.72704e-07
24.8709 -0.00137646 -0.000655015 0.00137646 0.000655015 2.69614e-05 -6.65836e-05 -2.69614e-05 6.65836e-05 -2.37367e-23 -7.05785e-11 -7.03887e-23 7.05785e-11 2.21075e-07 2.46917e-08 -2.21075e-07 -2.46917e-08
24.9757 -0.00133319 -0.000572393 0.00133319 0.000572393 5.98374e-05 -2.24852e-05 -5.98374e-05 2.24852e-05 -2.38334e-22 4.50841e-09 4.9829e-22 -4.50841e-09 -8.71363e-06 -9.58773e-07 8.71363e-06 9.58773e-07
