0.0523599 10.2089 -0.707228 -1.45161 -0.47544 -1.7128 -0.293061 0.233369 0.0651346 -0.193553 0.0570616
0.15708 10.5856 -1.43418 -1.05425 -0.870262 -1.33441 -0.511448 0.206233 -0.0565216 -0.102844 -0.0278149
0.261799 10.6553 -1.44836 -0.930517 -0.63658 -1.1694 -0.238564 0.0766257 0.0795375 -0.0809895 0.0306225
0.366519 10.6117 -1.68084 -0.94944 -0.778479 -1.08079 -0.327186 0.0574334 0.00150443 -0.0889031 0.0170074
0.471239 10.7182 -1.79009 -0.736933 -0.712233 -0.862907 -0.164139 0.00379902 -0.0479288 -0.0270188 -0.0396427
0.575959 10.6654 -1.81717 -0.729767 -0.573064 -0.819091 -0.0907596 0.0213947 0.0736579 -0.0818657 0.111033
0.680678 10.5451 -1.87351 -0.85108 -0.624787 -0.860843 -0.102939 0.12556 0.00720909 0.0226427 -0.0366481
0.785398 10.6217 -1.85131 -0.637242 -0.582984 -0.661848 -0.0710935 -0.0384025 -0.0328423 -0.0858407 -0.0266091
0.890118 10.4619 -1.77511 -0.701547 -0.477731 -0.661037 -0.00266485 0.0102907 0.0264598 0.00306398 0.0344452
0.994838 10.564 -2.09806 -0.470313 -0.627058 -0.376744 -0.25318 0.0174357 -0.0148295 -0.0358996 -0.0373307
1.09956 10.5752 -1.94746 -0.520497 -0.478574 -0.34062 0.00672245 0.113651 -0.0436094 -0.00676861 -0.04287
1.20428 10.6909 -1.97226 -0.371555 -0.489581 -0.286131 -0.150859 -0.0774106 0.113389 0.000716591 0.0901745
1.309 10.3805 -1.85525 -0.503556 -0.426167 -0.321699 -0.0128912 -0.00558846 0.0236674 0.0544534 0.0281541
1.41372 10.4704 -2.14341 -0.289673 -0.465352 -0.210554 0.00555276 0.0409988 -0.0365386 -0.024021 -0.0931138
1.51844 10.6947 -1.92329 -0.359792 -0.2658 -0.241759 -0.0860165 -0.0587052 -0.0574573 -0.0659571 -0.069776
1.62316 10.5745 -1.83509 -0.353002 -0.292661 -0.0899419 -0.159241 0.0146239 0.0832367 0.0494674 0.0469324
1.72788 10.505 -1.78878 -0.346366 -0.261651 -0.0109433 0.0705575 0.00160377 -0.0511592 -0.047148 -0.0368566
1.8326 10.3686 -1.72184 -0.454416 -0.226178 -0.202998 -0.0863191 -0.0418609 -0.0466695 -0.00341429 0.110206
1.93732 10.4461 -1.84237 -0.347837 -0.257872 0.152456 -0.0129216 0.0415941 0.0209438 -0.000760726 -0.00768073
2.04204 10.3785 -1.66965 -0.421869 -0.128302 0.0649274 0.349621 -0.0445116 0.0181344 0.0353764 0.04005
2.14675 10.3796 -1.77661 -0.351093 -0.174136 -0.1975 0.201255 0.00708436 0.0679721 0.072809 0.0528289
2.25147 10.2227 -1.61105 -0.451671 -0.22688 0.017114 0.285736 0.0929225 -0.0926958 -0.0475137 0.0725749
2.35619 10.2879 -1.91344 -0.117503 -0.432697 -0.338208 0.068841 0.0147978 0.0729336 0.0727755 -0.0991474
2.46091 10.3107 -1.69401 -0.336316 -0.135196 -0.156748 -0.102413 0.172673 0.012217 -0.131348 0.017019
2.56563 10.235 -1.92744 -0.26451 -0.393813 -0.248013 0.217043 -0.104877 -0.049796 0.224857 -0.0143841
2.67035 10.4518 -1.75666 -0.160936 -0.173209 -0.34824 -0.0760421 -0.101983 0.0242517 0.0397911 -0.0463832
2.77507 10.1876 -1.42547 -0.11555 -0.115096 -0.204934 -0.183888 0.0238172 -0.00282163 -0.158462 0.0895993
2.87979 10.0159 -1.70421 -0.221746 -0.188292 -0.0253868 -0.165094 0.0853652 -0.133449 0.0390396 -0.0346557
2.98451 10.0953 -1.74398 -0.274712 0.0606191 0.0411464 -0.069633 -0.021791 0.109336 0.0209588 0.0319222
3.08923 9.98268 -1.81709 -0.326332 -0.381385 -0.0889006 0.0446096 0.0408792 -0.0542047 -0.0133868 0.0384474
3.19395 10.2639 -1.90967 0.0548867 0.0894393 0.0293852 -0.174633 -0.0804425 0.0312857 -0.176588 0.00552284
3.29867 10.0931 -1.64708 -0.390219 -0.231319 -0.065688 -0.217858 -0.0916206 -0.0135609 0.0907488 0.0820746
3.40339 10.1142 -1.69266 -0.168141 -0.140648 0.424706 0.0319709 0.19361 0.0321 -0.0773212 -0.00897843
3.50811 10.2345 -1.76318 -0.160465 -0.161409 0.0759535 0.526422 -0.136609 -0.231916 0.153154 0.0899495
3.61283 9.94509 -1.70053 -0.368001 0.0867474 -0.0444323 0.0570625 0.0197337 -0.0426105 -0.00248908 -0.25588
3.71755 10.1457 -1.62208 -0.300301 -0.230805 -0.374377 0.325029 0.128309 0.00673536 0.0783718 0.0330391
3.82227 10.1126 -1.63876 0.240507 -0.137939 -0.278762 -0.0419859 -0.0508377 0.021929 0.0377118 0.141051
3.92699 9.94985 -1.59616 0.157102 -0.000637659 -0.195033 -0.176402 0.000913318 -0.1486 0.0496615 -0.236313
4.03171 9.71263 -1.61075 -0.286355 0.104499 0.128006 -0.281383 0.0866595 0.0227508 0.118098 0.0184521
4.13643 10.0806 -2.1927 0.230133 0.147521 0.176543 -0.170642 -0.00408807 0.0188638 -0.149383 0.128202
4.24115 10.1076 -1.46894 -0.448965 0.13974 0.258345 -0.151815 0.00970956 -0.0898159 0.0817739 0.0282461
4.34587 9.91986 -1.75544 -0.122862 0.0127931 0.289849 0.16142 -0.105697 0.232483 0.225585 -0.124586
4.45059 10.0503 -1.67676 -0.41185 0.0352705 -0.139252 0.102216 -0.0642193 -0.165068 -0.0964545 0.0821188
4.55531 9.77106 -1.47278 -0.35552 0.00545879 0.0251167 -0.319381 0.160871 0.18496 0.0745711 -0.236999
4.66003 9.60201 -1.77716 -0.495995 -0.441289 0.533208 0.322526 -0.296438 -0.0414044 0.0620235 0.0981908
4.76475 9.87892 -2.03911 0.100773 -0.670572 0.209682 0.341063 0.149408 -0.109663 -0.0259524 0.170217
4.86947 9.96789 -1.93586 0.171671 -0.342726 -0.00441588 0.277299 -0.0141727 -0.172721 -0.272533 0.165627
4.97419 9.79097 -1.80405 0.202078 -0.190525 -0.273067 0.541312 -0.144972 -0.021616 0.112675 -0.287137
5.07891 9.70277 -1.78638 0.610243 0.432521 -0.264397 -0.217829 -0.0456927 0.0100549 -0.0146336 0.200447
5.18363 9.92579 -1.35567 0.0583682 0.200429 -0.198754 0.451804 -0.00607377 0.182453 -0.10002 -0.192461
5.28835 9.30061 -1.72221 0.219164 0.359203 -0.67773 -0.335701 -0.258648 -0.432457 -0.0553552 -0.110776
5.39307 10.1006 -1.91256 -0.855036 0.845813 -0.195283 -0.486118 0.12666 0.0922675 -0.108904 0.00948566
5.49779 9.98834 -1.73575 -0.303871 -0.10432 0.298733 -0.782038 -0.0200948 0.0427737 -0.0468919 0.0538654
5.60251 10.2127 -1.19036 -0.905031 0.373261 0.434863 -0.0584793 0.166026 0.2179 0.0648979 -0.0977196
5.70723 8.8326 -1.41567 -0.524778 -1.07488 0.0845166 -0.421384 -0.0594842 -0.000464687 -0.346917 -0.255341
5.81195 9.40447 -2.07665 -0.508631 -0.272277 0.755358 -0.195443 -0.0617063 -0.0693904 0.227576 0.258973
5.91667 9.87809 -2.09201 0.0860121 -0.990641 0.0689521 0.455651 -0.318166 -0.156503 0.0729352 -0.11041
6.02139 10.1094 -1.93351 0.518403 -0.501824 0.301941 0.429703 -0.18381 0.0428272 -0.080196 0.0101238
6.12611 9.81547 -1.4207 0.618371 -0.0520183 0.142477 0.232515 0.178771 0.349209 -0.0988308 0.223854
6.23083 9.62399 -1.71317 0.636499 0.462626 -0.745054 0.555218 0.076942 -0.429474 -0.130388 -0.123179
6.33555 9.74923 -1.18917 -0.00324364 0.183949 0.209994 -0.458193 -0.14315 0.252229 -0.112256 0.0185058
6.44026 9.33808 -1.08638 0.210715 0.306738 -0.0989992 0.0881179 -0.315323 -0.109821 0.340484 0.132729
6.54498 8.90555 -2.05397 -0.419865 0.373888 -0.312956 0.197821 0.192469 0.164457 -0.236692 -0.293634
6.6497 9.35543 -1.51224 -0.644815 0.193615 -0.240211 0.0321603 -0.126072 -0.0322721 0.337936 -0.105264
6.75442 9.18219 -2.05784 -0.337013 -0.732818 -0.439744 -0.396065 -0.0420402 0.32101 -0.637581 0.219653
6.85914 9.5521 -2.20077 -0.131633 -0.072909 -0.246478 -0.298547 0.0188033 -0.0176086 0.542232 0.234375
6.96386 9.44646 -1.59363 -0.230937 -0.305917 -0.0392985 -0.250912 -0.235812 -0.164126 -0.388331 -0.441768
7.06858 9.4846 -2.13826 0.533353 -0.483743 -0.120389 -0.679658 0.591017 -0.0581954 0.393135 0.0264485
7.1733 9.38253 -1.80695 0.471479 0.731934 0.489701 -1.26659 -0.267348 -0.207088 -0.0980057 -0.0715633
7.27802 9.6661 -1.89552 0.04275 -0.329882 1.50217 0.502823 0.528975 0.460765 -0.155285 -0.122311
7.38274 9.83697 -1.48398 0.416084 0.71365 -0.235509 0.52158 -0.311138 -0.483706 -0.156817 -0.159557
7.48746 9.54379 -1.30192 -0.207826 1.03686 0.574361 -0.456124 0.153774 0.429329 -0.0430447 0.171778
7.59218 9.28565 -1.30066 -1.00636 0.135524 0.252733 1.87417 0.235155 -0.530041 -0.0730146 0.0836825
7.6969 9.03664 -1.35416 -0.421131 0.0836715 -0.93656 -0.0476768 0.247167 0.26397 -0.108608 0.016769
7.80162 8.07126 -1.74143 -1.17484 -0.894437 -0.518532 -0.611874 -0.249486 0.427763 0.688238 0.024802
7.90634 9.8825 -1.89959 0.718879 -0.00694684 -0.355558 0.69025 0.0238856 -0.0209263 0.196682 -0.0825387
8.01106 8.38705 -1.32929 -0.407341 0.166254 -1.57904 0.502094 -0.572261 -0.344198 -0.389503 0.211058
8.11578 10.448 -2.38238 0.350097 -0.527518 0.712364 -1.15181 -0.141551 0.0763085 0.216363 -0.03974
8.2205 9.55949 -1.75178 0.10513 -0.6573 0.123889 0.154186 -0.188237 -0.0489502 0.0216133 0.362129
8.32522 9.29348 -1.1686 0.710097 -0.23723 -0.398406 -0.275454 0.204207 -0.284103 0.075152 -0.111635
8.42994 9.44431 -1.67472 0.528832 0.553194 0.315885 0.0160675 0.0759438 0.263602 -0.175214 0.04283
8.53466 9.28211 -1.08013 -0.16494 0.658269 0.684052 0.320765 0.201838 0.343054 -0.219742 0.128239
8.63938 8.55662 -1.36993 -0.780237 0.237643 -0.514897 -0.193485 -0.14547 -0.224798 -0.266171 0.061145
8.7441 9.03391 -1.62195 -0.47298 -0.319902 0.633864 -0.0790197 -0.171461 -0.177891 0.222107 -0.158085
8.84882 8.54877 -2.29121 0.643713 -0.814956 0.553636 0.89233 1.40639 -0.111425 -0.310694 -0.00313943
8.95354 9.61487 -2.02107 -0.675014 0.946567 -1.03296 -0.00469462 0.280423 0.496654 0.630221 0.5345
9.05826 9.52876 -2.0004 -0.467624 -0.796703 0.200556 0.121768 0.0679224 -0.108357 -0.132434 0.0270641
9.16298 9.64464 -1.44688 -0.160858 0.249437 -0.681667 -0.421421 0.181355 -0.163643 0.120514 -0.21202
9.2677 9.63539 -1.5083 0.278236 -0.389998 -0.303392 -0.564413 -0.38065 -0.479114 -0.932081 -0.321327
9.37242 8.83662 -1.64133 -0.319904 -0.196149 0.729423 -0.564635 0.179448 0.0458172 0.348983 0.452084
9.47714 9.49949 -1.9031 0.586742 0.287387 -0.187755 -0.159822 -0.161655 -0.0385387 -0.145562 -0.376811
9.58186 9.62237 -1.06592 -0.496255 0.311525 1.04824 0.202537 -0.39439 0.34444 0.252681 -0.140054
9.68658 8.83479 -1.09238 0.621399 -0.121902 0.206889 0.513678 0.0518238 -0.0147399 -0.180205 0.426967
9.7913 9.25623 -1.47725 0.442786 0.217371 0.130235 0.210051 -0.891311 -0.0944323 -0.65711 -0.128034
9.89602 8.63483 -1.96163 -0.135908 0.826471 0.789167 0.682564 0.274858 0.597674 0.0141393 0.121651
10.0007 9.00251 -1.30526 -0.796541 -0.380928 0.904936 0.870085 -0.186714 -0.145797 0.0750003 -0.4635
10.1055 9.34246 -1.76989 -0.410336 -0.392332 -0.861627 1.62979 0.0660765 -0.409923 -0.514879 0.0938205
10.2102 8.74016 -0.744361 -0.939417 -0.0568139 -1.17925 1.01293 0.474261 0.0860216 0.0531101 0.166366
10.3149 7.5562 -0.909849 0.202328 -0.801289 -0.732969 -0.54492 0.291894 -0.168376 -0.267451 0.463841
10.4196 9.30157 -3.32917 0.206487 -1.56012 -0.106488 0.174852 -0.298269 -0.431784 0.615467 -0.417155
10.5243 8.95328 -0.960582 2.05531 0.230412 -1.21566 0.503301 -0.55246 -0.448361 -0.495904 -0.415234
10.6291 9.47906 -2.18798 -0.164455 1.37074 -0.945632 -0.482387 0.295057 0.390257 0.490095 0.686091
10.7338 8.95443 -1.2209 -0.240492 1.10515 0.239735 -1.15763 -0.338447 -0.202418 0.0603553 0.0100784
10.8385 9.61287 -1.5234 -0.308869 1.17506 0.165028 -0.689925 0.140102 0.696154 -0.515279 -0.0203289
10.9432 7.74032 -1.7563 -1.80765 -1.27064 -1.13857 -0.585867 -0.568373 -0.376626 0.0551587 -0.660715
11.0479 9.1689 -1.26399 0.338979 0.939729 1.34224 -1.54206 0.0309399 -0.141349 -0.355174 0.278874
11.1527 8.86102 -2.13215 -0.519932 -0.990826 1.21787 -0.376598 0.318965 0.412574 -0.174024 -0.223241
11.2574 8.49022 -1.74724 0.693838 -0.558899 1.39661 0.499235 -0.503611 0.202962 0.23685 -0.772063
11.3621 9.04104 -1.65054 -0.30669 0.805661 -0.254027 1.85766 -1.31609 -0.393993 0.736177 0.468052
11.4668 9.19056 -1.55705 0.854724 -1.08045 -1.38797 0.488466 0.508195 -0.0952746 -0.512367 -0.315847
11.5715 8.99385 -2.17841 -1.06676 1.22563 0.164106 -0.0955014 0.244354 1.1744 -0.048732 0.958473
11.6763 9.02345 -1.8862 0.387092 -0.363263 -0.0789435 0.671908 0.377072 0.532242 0.695804 0.118561
11.781 10.579 -1.07916 1.11805 -0.877984 -2.24182 -0.906291 0.140118 -0.452647 -0.149314 -0.623919
11.8857 9.71484 0.175051 -0.466339 0.361033 0.310017 -2.4011 0.210602 -0.0875219 0.369429 0.380401
11.9904 6.97508 -0.533432 0.334394 -0.229563 1.11011 0.353232 0.398804 0.601439 0.00246507 0.490181
12.0951 8.81197 -1.61489 -0.0999151 -0.99914 0.020691 -0.801048 -0.368261 -0.505173 -0.33309 -0.510506
12.1999 8.51048 -1.58562 1.77812 0.543778 0.678892 -2.40895 -0.185376 -0.197188 0.209718 -0.865497
12.3046 7.4908 -1.49835 -1.2468 0.755447 4.10874 1.48509 -0.758445 -0.13311 0.312085 1.11132
12.4093 9.75453 -1.50453 0.486279 0.0839174 -1.32814 2.1278 1.61399 0.740231 -0.566837 -0.426578
12.514 8.40016 -1.33851 -2.76667 -0.0743225 0.890749 0.234771 -0.798962 0.0542544 -1.21967 0.311022
12.6187 8.42261 -1.7628 0.854637 -0.479665 1.6274 2.4398 -0.10268 0.539859 1.15826 -0.659814
12.7235 9.54202 -1.75056 -0.587499 0.705918 -2.36699 2.13759 0.350544 -0.588666 -1.3737 -0.117056
12.8282 8.81358 -1.21611 0.126924 -1.16432 -1.20186 -0.147514 0.657981 -0.272131 0.22441 0.49673
12.9329 8.35297 -2.58058 -2.2745 -0.225304 -2.09281 -0.80629 -0.214399 1.5134 -1.22965 -0.685986
13.0376 10.5046 -1.45747 0.228225 -1.73628 1.4799 -1.50344 -0.0404345 -1.53424 1.0942 0.540535
13.1423 9.55822 -0.105 1.46796 -1.03785 1.66513 0.339932 0.652819 0.653684 -0.722956 -0.795426
13.247 8.51371 0.668496 1.73054 -0.483423 2.24378 -0.140263 -1.46415 -0.0958042 0.410196 0.608989
13.3518 8.23639 -1.04589 1.51293 -0.0478071 -0.347954 2.5831 0.295182 0.0513514 -0.0469574 0.627715
13.4565 8.37412 -0.803712 0.923142 1.22647 -1.41064 0.494356 -0.0845143 0.123542 -0.0607529 -0.439818
13.5612 8.33798 -2.16352 -0.35276 1.5842 1.20775 0.595644 0.962235 0.143966 0.081296 -0.0817804
13.6659 9.75109 -2.16535 -2.11805 1.96127 1.00184 -0.234039 0.0693287 -0.264518 -0.56655 -0.16779
13.7706 8.11216 -1.17923 -1.07864 -0.731752 -2.37882 2.504 0.402357 1.36352 -0.11374 0.174052
13.8754 7.71739 -1.00798 1.35318 0.843495 -3.78247 -0.641482 -0.25002 -1.28978 1.29678 -0.352189
13.9801 7.512 -3.00594 -1.38085 -0.860026 -0.663419 -1.71159 0.55161 0.32973 -0.932426 -0.66588
14.0848 8.3919 -2.69314 -0.938321 -2.02434 -0.938641 -1.89115 0.171068 0.188551 0.654818 -0.202451
14.1895 9.79276 -3.85343 -0.0221992 -0.576495 0.41272 -4.61142 -0.098285 1.26195 -1.09355 1.53035
14.2942 10.4663 -1.2559 0.476002 -1.71071 2.53359 -3.00905 0.187663 -0.136153 1.20752 0.313214
14.399 8.36003 -1.03771 -0.040607 0.376327 2.73348 2.61697 -0.112329 -0.0341984 0.353048 0.714883
14.5037 8.7456 -1.40527 -0.695209 -1.30909 -0.0156408 -1.60706 -0.661277 -0.221747 -0.943172 -0.670131
14.6084 8.20839 -0.855196 2.00093 0.262134 1.99865 0.2995 1.1367 -0.571794 1.08094 -0.84424
14.7131 8.11379 -1.30686 -0.868371 0.111495 1.41535 2.57188 -0.497371 0.28084 0.13814 -1.39296
14.8178 8.04388 -0.967768 0.863687 -0.669999 0.323962 0.0643313 0.225142 -1.94172 -0.296723 0.872433
14.9226 10.0075 -3.31404 0.553431 -0.285313 0.415736 4.27313 -2.66178 1.84506 0.669435 -0.986439
15.0273 9.32599 -0.433671 0.14428 -0.132291 -1.51508 1.54813 0.364394 -1.41768 0.141263 -0.0905821
15.132 8.78317 -3.55965 0.124226 -1.14607 -2.24412 -2.48503 1.06831 1.83286 -0.434322 0.646122
15.2367 7.88791 -1.9909 1.61719 0.723634 1.0722 0.488096 -1.49559 -1.78494 0.37112 0.529131
15.3414 9.96576 -1.26754 -0.35237 1.19258 -1.57521 -1.30784 0.826422 0.91105 -0.613018 0.528923
15.4462 9.5153 -1.83926 -0.539652 3.02431 0.820658 -3.40808 -0.754463 -1.34063 0.641228 -1.06169
15.5509 9.55463 0.847194 -0.929495 0.267082 1.56439 1.31664 0.0271169 0.216089 -0.210617 0.598955
15.6556 5.97036 1.19313 -3.25512 -0.306087 -3.02717 0.941556 0.312969 0.870101 0.971881 -0.335324
15.7603 6.06473 0.0800981 2.78335 -0.317781 1.72272 0.838261 1.12902 -0.169668 -1.76548 -0.29469
15.865 7.53547 -0.906245 -0.814525 1.31243 -0.119905 1.25728 0.33564 0.512796 1.29227 1.32781
15.9698 7.21159 -4.55005 -0.602614 -0.409382 -1.30684 -1.08738 -2.16305 -0.396016 1.77722 0.697502
16.0745 9.02566 -0.538356 -1.03742 -0.0216332 0.513785 -1.08235 -0.427988 0.898732 -1.31436 0.00554537
16.1792 6.94326 -0.571994 1.15879 0.0657216 4.36311 0.845342 0.628483 -0.59975 0.0470042 -0.573543
16.2839 9.18745 -1.36126 -0.580098 1.16595 -3.05803 1.9013 -0.293893 -1.27396 -0.502288 0.43105
16.3886 9.35156 -3.11695 -1.01295 -1.54816 0.695402 -0.393153 -0.227574 0.122962 -0.808561 -0.772432
16.4934 10.6291 -0.818026 0.887888 0.232563 -3.04909 3.16016 -0.190188 -0.262714 -0.814313 0.447844
16.5981 9.95263 -1.3826 -0.966043 2.49444 -2.57557 -2.8622 1.51071 -0.18157 2.64849 -0.794433
16.7028 7.88264 -0.556978 -0.499949 -1.41408 0.521523 -2.83613 -1.76976 -0.23544 -0.591704 -0.825894
16.8075 6.43288 -1.52387 1.68946 0.761866 -3.41948 0.233772 0.629815 -0.0501525 0.357526 1.46666
16.9122 9.98284 -3.86732 1.14034 -1.93575 2.75524 -4.9207 3.45809 0.313505 2.06484 -1.31042
17.017 10.2498 1.23832 -0.718474 0.908189 2.48657 -1.66858 -2.36384 -0.212777 -0.0187391 0.647014
17.1217 5.85778 -3.02009 -2.95467 -0.570101 -1.18205 0.334705 3.8152 0.1918 -0.655358 -0.575306
17.2264 10.873 -0.143081 0.648417 -0.135526 2.41926 -0.721013 0.481035 0.029357 0.435957 1.291
17.3311 8.27755 -0.156337 -0.233141 -0.776978 3.28678 0.145548 -1.28004 0.238249 0.515205 0.334959
17.4358 8.22634 -1.23678 0.250586 -0.861439 2.20814 3.12801 0.846725 -0.375128 -2.40886 0.219442
17.5406 9.41675 -2.01359 2.18524 -0.508831 -1.43229 2.82213 1.71465 0.81885 -1.13759 -1.38726
17.6453 7.70131 -0.118206 -1.62124 -1.47815 -0.300787 2.1036 -0.287633 0.315567 -0.0450921 -2.44016
17.75 8.92049 -0.122584 2.25804 -0.458238 -0.552089 0.866355 -0.357336 -0.112277 1.63894 -0.982851
17.8547 9.41767 -2.08838 1.00244 -1.68674 1.3159 0.598022 -0.200527 0.757826 1.3046 0.559033
17.9594 8.99725 2.01769 2.07497 0.890055 -4.28715 2.61162 0.527344 -1.78755 -0.61363 0.918784
18.0642 7.00419 -1.10901 -0.502044 0.251062 -2.61815 -1.0342 2.50325 -0.234963 2.86875 0.00893451
18.1689 8.54052 -1.18766 0.46077 -0.623593 4.13482 -0.882099 0.0595915 0.783068 -1.10419 -0.855527
18.2736 9.06506 0.463102 0.63187 0.750535 -3.23307 2.35554 -0.204444 1.43277 2.03546 -0.505228
18.3783 5.73039 -5.0484 2.27264 6.09466 -3.63798 -8.06087 -7.91264 -1.07439 -8.74505 1.55745
18.483 6.8786 0.742541 -2.01564 0.00693776 4.50932 0.771631 -0.0757579 0.451394 0.248927 1.04414
18.5878 10.2487 -2.69564 -0.773956 -1.54685 -2.5867 4.06034 1.81779 1.15571 -0.434682 -0.113854
18.6925 6.23856 0.808323 -0.739777 -1.15042 -2.07587 -2.29019 0.675857 -2.63402 -0.066207 -1.56664
18.7972 6.88737 -4.77106 -2.73185 1.12203 1.15202 -1.96995 -1.19902 0.525824 1.70241 2.19398
18.9019 8.52635 -2.57159 2.96804 -1.39164 -1.31917 -1.87688 0.527919 1.34693 -0.829986 0.588219
19.0066 8.52997 -1.65041 -1.57279 -1.70591 2.36047 -2.8079 1.10325 -2.06519 -2.83093 -2.67587
19.1114 13.2182 -2.08541 3.72165 -2.22289 1.26892 1.37847 -0.228449 0.167479 -1.47666 -0.60763
19.2161 10.5887 1.63717 0.778118 1.22132 1.1275 -1.4546 -0.974375 0.322126 2.18523 0.260603
19.3208 7.31173 0.916995 1.45635 1.69593 2.9273 -1.59827 0.721816 -0.309686 -0.90613 0.873885
19.4255 5.49767 -2.19964 -1.01832 1.03985 4.23783 5.44874 -2.5921 1.34912 0.34226 -0.242141
19.5302 7.95798 -1.09438 -0.638854 -0.405737 -2.79636 -0.0360797 -1.27424 -0.972353 0.143233 -0.159802
19.635 10.493 -3.45532 -2.46302 1.72226 0.695797 -2.12066 -0.233486 -0.76272 1.22379 -0.870916
19.7397 10.2422 -0.101593 -2.44964 0.780223 0.790418 1.88294 0.697044 -2.02648 -3.51361 1.37127
19.8444 6.54733 -1.1803 -5.51342 -1.60968 -3.56507 1.09896 2.54968 1.82039 3.42255 1.12854
19.9491 10.3019 0.661933 0.0270396 -0.0401729 -0.456784 -0.966888 -0.103263 0.702188 -0.347914 0.663242
20.0538 6.8008 0.10601 -0.869147 -1.93712 3.04671 -1.58017 1.30566 0.520849 -3.31306 0.71133
20.1586 10.2267 -3.72766 1.07706 -0.634083 1.75242 5.16804 -0.500462 1.79154 2.1815 -1.78281
20.2633 11.2686 -0.715656 -0.992125 1.67087 -0.879768 2.95276 0.171378 0.609928 1.60395 -0.407082
20.368 9.89138 3.08401 -1.46433 -0.751753 -5.06045 1.39218 -0.92516 0.631083 -0.156792 -0.241447
20.4727 7.36791 0.838948 3.29706 -2.43892 1.26373 -4.88321 -1.37181 -2.70879 -0.0408648 -3.00556
20.5774 8.44096 -0.917739 2.92112 1.95964 -5.67253 2.72353 -2.48168 3.25922 1.75843 -0.541189
20.6822 6.49587 -3.2397 -1.26499 4.97866 -4.4237 -5.08758 1.39659 -2.38924 0.764141 -4.42927
20.7869 3.78229 -1.89141 -0.64455 -1.75379 -1.64168 -5.74809 3.16993 1.29431 0.353915 1.51138
20.8916 9.28578 -5.30576 -2.5566 1.39586 1.68172 -0.512925 -2.99225 -0.16275 3.35679 1.37549
20.9963 10.8659 -2.58691 -0.111903 -2.53448 0.602095 0.0440805 0.869697 -0.76114 -6.02959 1.56896
21.101 10.8664 -3.26712 -0.448397 -2.45131 4.16825 -4.52332 -0.646203 -4.37671 -0.0703271 -0.644738
21.2058 9.26879 -0.648734 1.37955 -1.46948 2.30724 3.47217 -1.64942 2.32801 1.4745 1.38802
21.3105 6.94535 -0.289453 3.94674 0.0925477 -4.29075 0.311894 -1.53056 1.43838 0.138478 0.135393
21.4152 10.8935 -1.46954 0.579599 0.346289 2.72183 0.63429 -0.853686 -1.49178 -1.83865 0.845982
21.5199 8.17502 0.70616 1.72919 0.694903 0.634961 4.75234 2.59977 -0.504718 -0.309352 0.55726
21.6246 10.2329 1.72143 -3.58233 1.7383 1.35766 -1.93853 -1.3336 1.35303 -1.74179 -0.317629
21.7293 4.72709 0.426887 1.70276 -0.228151 3.29013 2.92244 -0.739806 -1.65028 0.342862 -0.274865
21.8341 8.02142 -0.843669 1.27291 2.30557 -3.16911 1.76026 2.42845 -1.77197 2.73902 0.732359
21.9388 8.04896 0.261468 -1.18364 0.713821 0.222865 -0.711701 -3.31083 1.84726 -1.57538 -0.164688
22.0435 7.4282 -0.560462 -2.24129 -2.29771 -3.28482 -1.42461 2.78895 -0.454813 2.37196 0.700551
22.1482 6.38879 -0.580208 -1.66376 0.243316 -1.52822 -1.57185 0.653136 -0.701043 -1.47569 0.883598
22.2529 4.98259 -1.37559 0.937683 1.01868 -1.85535 -2.6135 -3.04912 -1.12678 -3.37958 -1.83285
22.3577 5.94975 -3.92049 -1.64244 -0.256974 3.78439 -0.188446 -0.048178 2.83194 0.108034 -1.07119
22.4624 10.7581 -3.36026 2.49188 0.0744741 0.697091 -0.857856 2.40512 -2.68881 0.280139 0.165994
22.5671 10.1943 0.85714 -2.89361 -0.436868 3.43605 1.0125 -2.80937 1.11362 -1.38069 0.507339
22.6718 6.61939 -2.21519 3.61405 -0.225457 6.70021 7.23418 -2.79787 -0.915449 0.357663 -0.302148
22.7765 8.70223 0.980004 2.04687 3.21493 -5.67325 3.73714 4.23504 0.849598 -1.8993 1.63749
22.8813 11.8773 -2.98028 -1.24832 -2.63654 2.24147 -5.95096 -3.75571 -0.901376 -3.16919 1.92516
22.986 5.84595 -0.0147042 -0.63999 1.66188 4.10803 5.79322 1.39607 -0.292508 -0.749203 1.99527
23.0907 5.97709 1.16485 0.468079 1.96608 -6.90207 0.90211 1.17227 1.25239 4.05993 -2.67245
23.1954 9.27405 1.4483 -6.36572 2.38751 0.432574 -0.750216 -1.34842 -1.44488 2.38726 -0.0327148
23.3001 1.32195 -0.713767 -6.93195 -1.08749 -5.57346 2.2229 -0.0735143 1.07086 -0.744347 -0.910147
23.4049 33.2048 -40.7087 20.8257 -41.3465 22.9958 -43.2159 58.1086 7.49793 57.777 6.1183
23.5096 12.8981 -1.0058 5.93852 1.95712 4.1548 0.515778 -2.68434 -1.6191 -0.825529 0.579706
23.6143 13.2298 1.94599 2.22962 -0.726263 2.87774 -0.425002 0.522778 -1.93348 0.524985 0.342521
23.719 7.34397 0.654526 2.99306 3.69478 3.68875 1.29427 -0.123659 2.64774 0.748155 -0.0593795
23.8237 8.13793 -4.1731 -0.729606 0.745764 1.34487 6.06459 -0.121621 1.72099 -0.766756 -1.25393
23.9285 11.0435 3.47043 1.40285 -0.912985 1.0241 2.01839 -0.622943 -0.522286 0.642016 0.608339
24.0332 6.69998 2.4897 2.42488 1.18168 -2.46783 3.33944 1.26263 2.70105 -0.581723 -1.83321
24.1379 4.83347 2.1833 0.871243 3.66202 -1.09169 -0.478888 1.61986 0.281086 4.71441 1.17613
24.2426 3.68492 -0.40174 -4.21286 3.11461 -3.60238 2.98466 -1.98404 -2.13582 -5.37896 -1.15399
24.3473 7.63001 -3.31419 0.516141 -4.40236 5.66187 -4.87263 0.149935 -0.211205 0.136804 -2.21527
24.4521 9.07182 -2.317 -0.0628184 -1.9332 -2.25609 2.33834 -1.16417 -0.695474 1.85738 1.34178
24.5568 4.89355 -3.34221 -2.63225 -2.6395 -0.167956 -1.42429 3.46172 1.24545 -2.49118 -1.05092
24.6615 13.8034 -1.35926 3.37542 0.280304 0.400687 4.59994 -5.00669 -1.35382 3.2493 2.49263
24.7662 9.5877 1.97759 1.26143 -0.321634 -3.92707 -1.73468 2.60351 -0.966759 2.14491 -2.07814
24.8709 7.66668 -1.01012 5.03148 2.98309 -4.94057 0.7591 -1.26923 -0.00777998 -1.16409 0.669184
24.9757 8.44755 1.56163 -0.759099 -0.340635 3.90395 0.180112 1.48834 -1.44236 -2.2274 1.5884
